0 0 0
0 0 18.148
0 0 18.165
0 0 18.175
0 0 18.187
0 0 18.198
0 0 18.213
0 0 18.223
0 0 18.24
0 0 18.253
0 0 18.265
0 0 18.276
0 0 18.289
1 0 18.31
0 0 18.323
1 0 18.335
1 0 18.348
1 0 18.358
0 0 18.37
1 0 18.382
1 0 18.394
1 0 18.407
1 0 18.418
1 2 18.428
1 1 18.428
1 2 18.44
0 3 18.452
1 3 18.465
1 4 18.477
1 5 18.488
2 5 18.5
3 5 18.51
4 6 18.523
3 7 18.535
4 8 18.546
4 8 18.557
5 8 18.57
6 10 18.583
6 10 18.594
7 11 18.605
6 12 18.616
6 13 18.627
6 13 18.64
8 14 18.653
8 15 18.666
8 16 18.677
8 17 18.689
10 17 18.702
10 18 18.715
11 18 18.725
10 19 18.736
12 19 18.748
12 21 18.761
12 22 18.771
11 24 18.784
12 24 18.795
12 25 18.805
12 26 18.818
12 27 18.828
13 28 18.839
13 29 18.85
13 30 18.86
13 31 18.873
14 31 18.884
14 32 18.895
15 32 18.907
14 32 18.917
15 31 18.928
15 32 18.94
14 32 18.95
14 32 18.963
16 32 18.976
15 32 18.988
15 32 18.999
15 32 19.011
16 32 19.023
16 32 19.033
16 32 19.044
16 32 19.055
17 32 19.067
17 32 19.078
16 32 19.088
16 32 19.099
17 32 19.11
17 32 19.122
17 32 19.133
17 32 19.144
19 32 19.155
19 32 19.168
19 32 19.178
19 32 19.191
21 32 19.203
21 32 19.214
21 32 19.226
21 32 19.238
23 32 19.25
22 32 19.263
22 32 19.275
23 32 19.286
24 32 19.296
23 32 19.307
23 32 19.318
23 32 19.329
24 31 19.341
24 31 19.352
24 31 19.364
24 31 19.375
25 30 19.387
24 30 19.398
25 30 19.411
25 30 19.424
26 29 19.434
26 29 19.445
25 29 19.455
25 29 19.467
26 28 19.478
27 28 19.49
27 28 19.501
26 28 19.511
28 27 19.524
27 27 19.536
28 27 19.546
27 27 19.558
28 26 19.571
29 26 19.582
28 26 19.594
28 26 19.604
29 25 19.615
29 25 19.627
29 25 19.637
29 25 19.648
30 24 19.658
30 24 19.669
30 24 19.679
29 24 19.689
30 23 19.699
30 23 19.71
30 23 19.722
29 23 19.734
30 22 19.744
30 22 19.754
30 22 19.765
30 22 19.777
30 21 19.787
30 21 19.798
30 21 19.81
30 21 19.821
31 20 19.832
31 20 19.842
31 20 19.852
31 20 19.863
32 19 19.875
32 19 19.885
32 19 19.896
31 19 19.906
32 18 19.918
32 18 19.931
32 18 19.941
32 18 19.953
32 17 19.963
32 17 19.973
32 17 19.984
32 17 19.994
32 16 20.005
31 16 20.016
31 16 20.027
31 16 20.039
32 15 20.051
31 15 20.064
31 15 20.076
31 15 20.088
32 14 20.098
32 14 20.111
32 14 20.124
31 14 20.134
32 13 20.144
31 13 20.155
31 13 20.168
31 13 20.178
32 12 20.188
32 12 20.198
32 12 20.211
32 12 20.222
32 11 20.233
32 11 20.245
32 11 20.256
32 11 20.268
32 10 20.28
32 10 20.29
31 10 20.303
31 10 20.321
32 9 20.333
32 9 20.343
32 9 20.355
32 9 20.368
32 8 20.379
32 8 20.391
32 8 20.402
32 8 20.412
32 8 20.424
31 8 20.435
32 8 20.446
31 8 20.458
32 8 20.468
32 9 20.479
32 11 20.492
32 12 20.502
32 12 20.513
32 13 20.526
31 14 20.537
31 14 20.548
32 15 20.561
32 15 20.571
32 16 20.583
32 17 20.596
32 17 20.608
32 18 20.618
32 19 20.63
31 20 20.641
32 20 20.653
32 21 20.663
32 22 20.676
32 22 20.688
32 22 20.699
32 23 20.71
32 24 20.721
32 25 20.734
32 25 20.745
32 26 20.755
32 27 20.767
32 28 20.778
32 28 20.789
32 30 20.799
32 30 20.812
32 32 20.825
32 32 20.837
32 32 20.847
32 32 20.86
32 32 20.871
32 32 20.882
32 32 20.894
32 32 20.904
32 32 20.917
32 32 20.927
32 32 20.938
32 32 20.951
32 32 20.962
32 32 20.972
31 32 20.983
31 32 20.993
31 32 21.004
32 32 21.014
31 32 21.024
31 32 21.034
31 32 21.045
32 32 21.056
32 32 21.067
32 32 21.079
31 32 21.091
32 32 21.102
32 32 21.112
32 32 21.124
31 32 21.134
32 32 21.146
32 32 21.158
32 32 21.169
32 32 21.18
32 32 21.193
31 32 21.204
31 32 21.215
31 32 21.226
32 32 21.239
32 32 21.25
32 32 21.261
32 32 21.273
32 31 21.283
32 31 21.295
32 31 21.306
32 31 21.316
32 30 21.329
31 30 21.34
32 30 21.351
32 30 21.364
32 29 21.375
32 29 21.387
32 29 21.399
32 29 21.41
32 28 21.42
32 28 21.431
32 28 21.443
32 28 21.455
32 27 21.466
32 27 21.478
32 27 21.491
32 27 21.503
32 26 21.515
32 26 21.526
32 26 21.539
32 26 21.549
32 25 21.56
32 25 21.572
31 25 21.582
31 25 21.595
32 24 21.605
32 24 21.617
31 24 21.627
31 24 21.637
32 23 21.649
32 23 21.659
32 23 21.67
32 23 21.683
32 22 21.693
32 22 21.705
31 22 21.717
30 22 21.728
31 21 21.74
31 21 21.751
31 21 21.764
31 21 21.777
32 20 21.789
32 20 21.799
31 20 21.811
31 20 21.824
32 19 21.834
31 19 21.847
32 19 21.859
32 19 21.872
32 18 21.883
31 18 21.893
32 18 21.905
31 18 21.916
32 17 21.927
32 17 21.937
32 17 21.95
32 17 21.96
32 16 21.97
32 16 21.982
31 16 21.995
30 16 22.007
31 15 22.017
32 15 22.028
31 15 22.04
31 15 22.051
32 14 22.063
32 14 22.075
32 14 22.085
32 14 22.097
32 13 22.108
32 13 22.12
32 13 22.133
32 13 22.143
32 12 22.155
32 12 22.168
32 12 22.178
32 12 22.188
32 11 22.199
32 11 22.209
32 11 22.221
32 11 22.233
32 10 22.246
32 10 22.257
32 10 22.267
32 10 22.28
32 9 22.291
32 9 22.304
32 9 22.317
32 9 22.327
32 8 22.339
32 8 22.349
31 8 22.362
31 8 22.375
32 8 22.388
32 9 22.398
32 10 22.409
32 11 22.42
32 11 22.431
32 12 22.443
31 13 22.455
31 14 22.466
31 14 22.478
31 15 22.49
31 16 22.502
30 16 22.512
31 17 22.524
30 18 22.535
31 19 22.548
31 20 22.558
32 20 22.571
32 21 22.583
32 22 22.594
32 23 22.605
32 23 22.618
32 24 22.631
32 25 22.643
32 26 22.655
32 26 22.668
32 26 22.679
31 27 22.69
31 28 22.701
32 28 22.712
32 29 22.723
32 30 22.735
32 31 22.748
32 31 22.758
32 31 22.771
32 32 22.784
31 32 22.796
32 32 22.807
31 32 22.819
31 32 22.83
31 32 22.843
32 31 22.854
32 32 22.865
32 32 22.876
32 32 22.886
32 32 22.899
32 32 22.91
32 32 22.921
32 32 22.934
32 32 22.946
32 32 22.957
32 32 22.968
32 32 22.979
32 32 22.991
32 32 23.003
32 32 23.016
32 32 23.029
32 32 23.039
32 32 23.052
32 32 23.063
32 32 23.075
32 32 23.086
31 32 23.099
31 32 23.11
31 32 23.122
32 32 23.134
32 32 23.145
32 32 23.155
32 32 23.168
32 32 23.18
32 32 23.192
32 32 23.203
32 32 23.214
32 31 23.226
32 31 23.238
32 31 23.25
32 31 23.261
32 30 23.273
32 30 23.283
32 30 23.295
32 30 23.307
32 29 23.32
32 29 23.33
32 29 23.342
32 29 23.354
32 28 23.364
31 28 23.377
31 28 23.387
31 28 23.399
32 27 23.409
32 27 23.421
32 27 23.433
32 27 23.443
32 26 23.456
32 26 23.467
31 26 23.478
31 26 23.49
32 25 23.502
31 25 23.513
31 25 23.524
31 25 23.535
32 24 23.546
32 24 23.558
32 24 23.571
32 24 23.582
32 23 23.593
32 23 23.605
32 23 23.617
32 23 23.628
32 22 23.638
32 22 23.649
32 22 23.66
32 22 23.671
32 21 23.684
32 21 23.694
32 21 23.706
32 21 23.718
32 20 23.731
32 20 23.742
32 20 23.755
32 20 23.767
32 19 23.778
32 19 23.79
32 19 23.8
31 19 23.812
32 18 23.822
32 18 23.835
32 18 23.847
32 18 23.857
32 17 23.868
32 17 23.878
31 17 23.888
31 17 23.9
32 16 23.912
32 16 23.922
32 16 23.933
31 16 23.945
32 15 23.955
32 15 23.965
31 15 23.978
31 15 23.991
32 14 24.003
32 14 24.014
32 14 24.025
32 14 24.037
32 13 24.05
32 13 24.062
32 13 24.073
32 13 24.083
32 12 24.094
32 12 24.106
32 12 24.119
32 12 24.131
32 11 24.142
32 11 24.153
31 11 24.166
31 11 24.178
32 10 24.189
32 10 24.199
32 10 24.21
32 10 24.22
32 9 24.23
32 9 24.24
32 9 24.25
32 9 24.262
32 8 24.274
32 8 24.287
32 8 24.297
31 8 24.309
32 7 24.32
32 7 24.33
32 7 24.343
32 7 24.355
32 7 24.365
32 8 24.378
31 9 24.39
31 10 24.402
32 10 24.415
32 11 24.425
31 12 24.437
32 13 24.45
32 13 24.462
32 14 24.474
32 15 24.487
32 16 24.497
32 16 24.51
32 17 24.523
32 18 24.535
32 19 24.547
32 19 24.559
32 20 24.57
32 21 24.583
32 22 24.594
32 23 24.607
32 24 24.618
32 25 24.63
32 26 24.643
32 26 24.653
32 26 24.666
32 27 24.676
31 28 24.688
32 27 24.7
32 28 24.71
32 29 24.722
32 30 24.734
32 30 24.744
32 31 24.755
32 32 24.765
32 32 24.776
32 32 24.789
32 32 24.801
32 32 24.811
31 32 24.823
32 32 24.834
31 32 24.849
31 32 24.861
31 32 24.874
32 32 24.886
32 32 24.896
32 32 24.908
32 32 24.918
32 32 24.93
32 32 24.94
32 32 24.95
32 32 24.961
32 32 24.973
31 32 24.985
32 32 24.996
32 32 25.007
32 32 25.018
32 32 25.03
32 32 25.042
32 32 25.055
32 32 25.065
32 32 25.075
32 32 25.088
32 32 25.099
32 32 25.109
32 32 25.122
32 32 25.134
32 32 25.147
32 31 25.159
32 31 25.171
32 31 25.181
31 31 25.193
32 30 25.204
32 30 25.215
32 30 25.226
32 30 25.238
32 29 25.249
31 29 25.261
31 29 25.272
31 29 25.285
32 28 25.297
32 28 25.307
31 28 25.317
30 28 25.329
31 27 25.341
31 27 25.352
31 27 25.364
31 27 25.374
31 26 25.385
31 26 25.395
31 26 25.406
31 26 25.418
32 25 25.429
32 25 25.44
32 25 25.453
32 25 25.465
32 24 25.476
32 24 25.487
32 24 25.499
32 24 25.51
32 23 25.521
31 23 25.532
32 23 25.543
32 23 25.556
32 22 25.568
32 22 25.58
32 22 25.592
32 22 25.605
32 21 25.617
32 21 25.628
32 21 25.641
32 21 25.652
32 20 25.663
32 20 25.675
32 20 25.686
31 20 25.696
32 19 25.709
32 19 25.72
32 19 25.731
32 19 25.743
32 18 25.754
32 18 25.764
32 18 25.774
31 18 25.786
32 17 25.796
32 17 25.808
32 17 25.819
32 17 25.83
32 16 25.842
32 16 25.852
32 16 25.863
31 16 25.874
32 15 25.886
32 15 25.897
32 15 25.909
31 15 25.921
32 14 25.934
32 14 25.944
32 14 25.956
32 14 25.966
32 13 25.978
31 13 25.991
31 13 26.001
31 13 26.012
31 12 26.024
31 12 26.034
31 12 26.045
31 12 26.056
32 12 26.067
32 12 26.078
32 12 26.09
31 12 26.1
32 12 26.115
32 12 26.127
32 12 26.139
32 12 26.151
32 11 26.161
32 11 26.171
32 11 26.182
32 11 26.193
32 10 26.204
31 10 26.217
32 10 26.229
32 10 26.239
32 9 26.251
32 9 26.262
32 9 26.272
32 9 26.283
32 8 26.295
32 8 26.307
32 8 26.317
32 8 26.33
32 8 26.343
32 9 26.354
32 10 26.364
31 10 26.375
32 10 26.385
32 11 26.396
31 13 26.408
32 14 26.419
32 14 26.429
32 15 26.441
31 16 26.453
31 18 26.464
32 19 26.475
32 20 26.486
31 21 26.497
31 21 26.507
31 22 26.517
31 23 26.529
31 23 26.539
31 25 26.551
32 25 26.564
32 27 26.577
32 28 26.588
32 29 26.6
32 29 26.612
32 30 26.625
32 31 26.637
32 32 26.648
32 32 26.661
32 32 26.671
32 32 26.683
32 32 26.695
32 32 26.708
32 32 26.721
32 32 26.733
32 32 26.743
32 31 26.755
32 32 26.766
32 32 26.778
32 32 26.79
32 32 26.801
31 32 26.813
31 32 26.825
31 32 26.837
32 32 26.849
32 32 26.859
32 32 26.872
32 32 26.885
32 32 26.897
32 32 26.91
32 32 26.921
32 32 26.932
32 32 26.942
32 32 26.955
31 32 26.966
31 32 26.977
32 32 26.988
32 32 26.999
32 32 27.012
32 32 27.024
32 32 27.034
32 32 27.044
32 32 27.055
31 32 27.065
32 32 27.078
32 32 27.091
32 32 27.101
32 32 27.114
32 32 27.125
32 32 27.137
32 32 27.15
32 32 27.16
32 31 27.172
31 31 27.182
31 31 27.195
31 31 27.205
32 30 27.215
32 30 27.228
32 30 27.241
32 30 27.253
32 29 27.264
31 29 27.277
32 29 27.289
31 29 27.3
32 28 27.312
31 28 27.322
31 28 27.332
30 28 27.342
31 27 27.355
31 27 27.367
31 27 27.379
31 27 27.391
32 26 27.401
32 26 27.411
32 26 27.424
32 26 27.434
32 25 27.446
32 25 27.458
32 25 27.468
31 25 27.479
32 24 27.492
32 24 27.503
32 24 27.515
32 24 27.526
32 23 27.537
32 23 27.547
31 23 27.561
31 23 27.579
32 22 27.591
32 22 27.603
32 22 27.613
32 22 27.624
32 21 27.637
32 21 27.649
32 21 27.659
31 21 27.672
32 20 27.683
32 20 27.694
32 20 27.706
32 20 27.717
32 19 27.729
32 19 27.741
32 19 27.751
31 19 27.764
32 18 27.776
32 18 27.787
32 18 27.8
32 18 27.81
32 17 27.82
32 17 27.83
32 17 27.842
32 17 27.853
32 16 27.864
32 16 27.876
32 16 27.887
31 16 27.898
32 15 27.908
32 15 27.918
32 15 27.931
32 15 27.943
32 14 27.954
32 14 27.967
32 14 27.978
31 14 27.988
32 13 27.998
31 13 28.011
31 13 28.022
31 13 28.033
32 12 28.043
31 12 28.053
31 12 28.066
31 12 28.076
31 11 28.089
31 11 28.1
32 11 28.113
32 11 28.125
32 10 28.137
32 10 28.147
32 10 28.158
31 10 28.168
32 9 28.178
32 9 28.19
32 9 28.202
32 9 28.214
32 9 28.226
32 9 28.236
32 9 28.249
32 9 28.26
32 8 28.272
32 8 28.284
32 8 28.295
31 8 28.305
32 7 28.315
32 7 28.328
32 7 28.339
32 7 28.35
32 7 28.363
32 8 28.376
32 10 28.388
31 10 28.398
32 10 28.409
32 12 28.421
32 12 28.431
32 13 28.442
32 13 28.455
32 14 28.468
32 15 28.481
32 16 28.491
32 16 28.502
32 17 28.512
32 19 28.524
31 19 28.534
32 19 28.545
32 19 28.555
31 20 28.565
31 21 28.577
32 21 28.59
31 22 28.601
31 23 28.612
31 24 28.623
32 24 28.635
32 25 28.646
32 26 28.656
32 27 28.668
32 27 28.681
32 28 28.693
32 29 28.704
31 30 28.715
32 30 28.727
32 32 28.737
32 32 28.75
32 32 28.761
32 31 28.772
32 31 28.782
32 32 28.792
32 32 28.803
32 32 28.814
32 32 28.824
32 32 28.836
32 32 28.849
32 32 28.86
32 32 28.871
32 32 28.882
32 32 28.894
32 32 28.905
32 32 28.916
32 32 28.926
32 32 28.936
32 32 28.947
32 32 28.959
32 32 28.97
32 32 28.98
32 32 28.99
31 32 29.002
32 32 29.015
31 32 29.027
32 32 29.039
32 32 29.051
32 32 29.063
32 32 29.073
32 32 29.084
31 32 29.095
31 32 29.105
31 32 29.117
32 31 29.127
32 31 29.14
32 31 29.15
32 31 29.162
32 30 29.173
32 30 29.183
32 30 29.196
32 30 29.208
32 29 29.219
32 29 29.23
32 29 29.241
32 29 29.254
32 28 29.264
31 28 29.274
31 28 29.285
30 28 29.295
32 27 29.305
31 27 29.316
32 27 29.329
32 27 29.34
32 26 29.35
32 26 29.36
32 26 29.371
32 26 29.384
32 25 29.394
31 25 29.405
31 25 29.418
31 25 29.428
32 24 29.438
32 24 29.451
31 24 29.463
31 24 29.473
32 23 29.485
32 23 29.495
32 23 29.505
32 23 29.518
32 22 29.529
32 22 29.542
32 22 29.554
32 22 29.566
32 21 29.576
32 21 29.587
32 21 29.597
32 21 29.61
32 20 29.621
32 20 29.633
32 20 29.645
32 20 29.655
32 19 29.666
32 19 29.676
32 19 29.69
32 19 29.701
32 18 29.713
31 18 29.725
31 18 29.735
31 18 29.748
32 17 29.758
32 17 29.77
32 17 29.78
32 17 29.793
32 16 29.815
32 16 29.827
32 16 29.841
31 16 29.852
32 15 29.877
32 15 29.89
32 15 29.903
32 15 29.915
32 14 29.928
32 14 29.94
32 14 29.952
31 14 29.965
32 13 29.975
32 13 29.988
32 13 29.999
31 13 30.012
32 12 30.023
31 12 30.033
31 12 30.045
31 12 30.057
31 12 30.068
31 12 30.078
31 12 30.088
31 12 30.1
32 12 30.112
32 12 30.124
32 12 30.137
31 12 30.149
32 11 30.162
32 11 30.172
32 11 30.185
32 11 30.195
32 10 30.206
32 10 30.219
32 10 30.232
32 10 30.242
32 9 30.255
32 9 30.266
32 9 30.279
32 9 30.289
32 8 30.301
32 8 30.314
32 8 30.325
32 8 30.335
32 7 30.345
32 7 30.355
32 7 30.368
32 7 30.378
32 7 30.389
32 8 30.401
32 9 30.411
32 10 30.423
32 10 30.434
32 11 30.447
32 11 30.459
32 12 30.472
32 11 30.484
32 12 30.497
31 14 30.508
31 14 30.519
32 15 30.532
32 16 30.542
32 17 30.554
32 18 30.566
32 18 30.576
32 18 30.589
32 19 30.602
32 21 30.614
32 21 30.625
32 22 30.636
32 23 30.648
32 24 30.661
32 24 30.673
32 25 30.684
32 25 30.694
31 26 30.705
32 26 30.716
32 27 30.727
32 30 30.739
32 31 30.752
32 31 30.763
32 32 30.773
32 32 30.784
32 32 30.794
32 32 30.805
32 32 30.818
32 32 30.83
32 32 30.842
32 32 30.852
32 32 30.865
32 32 30.876
32 32 30.888
32 31 30.899
32 32 30.91
32 32 30.921
32 32 30.932
32 32 30.943
32 32 30.955
32 32 30.968
32 32 30.978
32 32 30.991
32 32 31.004
32 32 31.015
32 32 31.025
32 32 31.038
32 32 31.051
32 32 31.061
32 32 31.072
32 32 31.085
32 32 31.095
32 32 31.106
31 32 31.116
32 32 31.126
31 32 31.138
31 32 31.15
32 32 31.162
32 31 31.174
32 31 31.185
32 31 31.198
32 31 31.208
32 30 31.221
32 30 31.233
32 30 31.243
32 30 31.255
32 29 31.266
32 29 31.276
32 29 31.289
31 29 31.299
32 28 31.309
32 28 31.32
32 28 31.33
32 28 31.343
32 27 31.353
32 27 31.366
32 27 31.376
32 27 31.389
32 26 31.401
32 26 31.415
31 26 31.427
31 26 31.44
32 25 31.452
32 25 31.463
31 25 31.475
31 25 31.488
32 24 31.5
32 24 31.512
32 24 31.523
32 24 31.533
32 23 31.544
32 23 31.555
32 23 31.568
32 23 31.578
32 22 31.591
32 22 31.603
32 22 31.613
32 22 31.623
32 21 31.633
32 21 31.644
31 21 31.655
32 21 31.667
32 20 31.677
32 20 31.688
32 20 31.698
32 20 31.709
32 19 31.722
32 19 31.732
31 19 31.743
32 19 31.754
32 18 31.764
32 18 31.775
32 18 31.787
31 18 31.798
32 17 31.814
31 17 31.826
31 17 31.837
30 17 31.876
31 16 31.887
31 16 31.901
32 16 31.912
32 16 31.923
32 15 31.934
32 15 31.947
32 15 31.957
32 15 31.967
32 14 31.979
32 14 31.992
31 14 32.002
31 14 32.014
32 13 32.026
32 13 32.036
32 13 32.047
32 13 32.057
32 12 32.069
32 12 32.08
32 12 32.091
32 12 32.102
32 12 32.113
32 12 32.124
32 12 32.134
32 12 32.145
32 11 32.155
32 11 32.168
32 11 32.178
32 11 32.189
32 10 32.201
31 10 32.212
31 10 32.223
32 10 32.235
32 9 32.245
32 9 32.257
32 9 32.27
32 9 32.282
32 8 32.294
32 8 32.306
32 8 32.319
32 8 32.33
32 7 32.34
32 7 32.352
32 7 32.363
32 7 32.375
32 7 32.386
31 9 32.396
31 10 32.409
31 11 32.419
32 11 32.432
32 12 32.442
32 13 32.454
32 13 32.465
32 13 32.476
32 14 32.488
31 15 32.498
31 16 32.509
32 16 32.521
32 17 32.533
32 18 32.545
32 19 32.555
32 19 32.567
32 20 32.578
32 21 32.591
32 22 32.602
32 21 32.612
32 22 32.624
32 23 32.636
32 24 32.647
32 24 32.661
32 24 32.673
32 26 32.686
31 26 32.696
32 26 32.707
32 27 32.718
32 28 32.728
32 29 32.738
32 30 32.749
32 30 32.76
32 31 32.772
31 32 32.785
32 32 32.796
32 32 32.806
32 32 32.817
32 32 32.827
32 32 32.838
32 32 32.848
32 32 32.861
32 32 32.871
32 32 32.882
31 32 32.895
31 32 32.905
31 32 32.917
32 32 32.93
32 32 32.94
32 32 32.952
32 32 32.963
32 32 32.976
32 32 32.988
32 32 32.999
31 32 33.009
32 32 33.019
32 32 33.03
32 32 33.04
32 32 33.05
32 32 33.062
32 32 33.074
32 32 33.087
32 32 33.097
32 32 33.11
32 32 33.122
32 32 33.134
32 32 33.147
32 31 33.157
32 31 33.167
32 31 33.178
32 31 33.19
32 30 33.201
32 30 33.211
32 30 33.223
32 30 33.233
32 29 33.246
32 29 33.256
32 29 33.266
31 29 33.277
32 28 33.287
32 28 33.298
31 28 33.309
31 28 33.32
32 27 33.331
32 27 33.343
32 27 33.353
32 27 33.364
32 26 33.376
32 26 33.386
32 26 33.398
32 26 33.408
32 25 33.419
31 25 33.431
31 25 33.443
31 25 33.455
32 24 33.466
31 24 33.478
31 24 33.491
31 24 33.503
32 23 33.515
32 23 33.528
32 23 33.541
32 23 33.551
32 22 33.562
32 22 33.572
31 22 33.582
31 22 33.593
32 21 33.606
32 21 33.616
32 21 33.626
32 21 33.636
32 20 33.647
32 20 33.658
32 20 33.67
32 20 33.681
32 19 33.692
32 19 33.702
32 19 33.713
31 19 33.726
32 18 33.739
32 18 33.75
32 18 33.763
32 18 33.773
32 17 33.783
31 17 33.796
31 17 33.808
31 17 33.821
32 16 33.831
32 16 33.844
32 16 33.854
32 16 33.865
32 15 33.879
32 15 33.89
32 15 33.902
31 15 33.913
32 14 33.924
32 14 33.936
31 14 33.947
31 14 33.957
32 13 33.967
31 13 33.978
31 13 33.99
31 13 34.002
32 12 34.013
32 12 34.024
32 12 34.037
32 12 34.049
32 12 34.06
32 12 34.071
32 12 34.083
32 12 34.095
32 12 34.106
32 12 34.118
32 12 34.131
32 12 34.141
32 11 34.151
31 11 34.162
30 11 34.174
30 11 34.185
31 10 34.195
31 10 34.208
32 10 34.219
32 10 34.23
32 9 34.24
31 9 34.251
31 9 34.262
31 9 34.272
31 8 34.284
31 8 34.295
32 8 34.306
32 8 34.318
32 8 34.33
31 9 34.342
31 10 34.355
31 11 34.367
32 11 34.378
32 12 34.391
32 13 34.401
31 14 34.412
32 14 34.423
32 15 34.433
32 16 34.444
31 17 34.455
32 17 34.467
32 17 34.478
32 18 34.489
32 20 34.501
32 20 34.513
32 21 34.526
32 21 34.539
32 22 34.551
32 22 34.563
32 24 34.575
32 25 34.586
32 26 34.596
32 25 34.607
32 26 34.619
32 27 34.629
32 28 34.64
32 28 34.653
32 29 34.663
32 30 34.675
32 31 34.686
32 31 34.698
32 32 34.709
32 32 34.722
32 32 34.735
32 32 34.747
32 32 34.758
32 32 34.769
31 32 34.781
32 32 34.792
31 32 34.805
32 32 34.816
31 32 34.829
32 32 34.842
31 32 34.852
31 32 34.865
31 32 34.875
32 32 34.886
31 32 34.897
31 32 34.91
31 32 34.92
31 32 34.931
32 32 34.942
31 32 34.955
32 32 34.968
32 32 34.98
32 32 34.992
32 32 35.003
32 32 35.014
32 32 35.024
32 32 35.036
32 32 35.048
32 32 35.059
32 32 35.071
32 32 35.083
31 32 35.095
31 32 35.105
32 32 35.116
32 32 35.127
32 32 35.14
32 32 35.151
32 31 35.164
32 31 35.177
32 31 35.187
31 31 35.197
32 30 35.21
32 30 35.22
32 30 35.23
32 30 35.241
32 29 35.251
32 29 35.262
32 29 35.274
32 29 35.285
32 28 35.295
32 28 35.306
31 28 35.318
32 28 35.328
32 27 35.338
31 27 35.351
31 27 35.363
30 27 35.374
32 26 35.386
32 26 35.398
32 26 35.408
32 26 35.421
32 25 35.433
32 25 35.443
32 25 35.455
32 25 35.467
32 24 35.48
31 24 35.49
31 24 35.502
31 24 35.515
32 23 35.526
31 23 35.538
31 23 35.55
31 23 35.562
32 22 35.572
31 22 35.583
31 22 35.595
31 22 35.605
32 21 35.616
32 21 35.626
32 21 35.638
32 21 35.65
32 20 35.661
32 20 35.672
31 20 35.682
31 20 35.693
32 19 35.705
32 19 35.717
32 19 35.728
32 19 35.738
32 18 35.75
32 18 35.762
32 18 35.772
31 18 35.784
32 17 35.794
31 17 35.807
31 17 35.819
31 17 35.829
31 16 35.84
31 16 35.851
31 16 35.864
31 16 35.874
32 15 35.884
31 15 35.895
31 15 35.906
30 15 35.918
31 14 35.93
32 14 35.943
32 14 35.955
32 14 35.966
32 13 35.977
32 13 35.988
32 13 36
32 13 36.011
32 12 36.024
31 12 36.036
31 12 36.048
32 12 36.06
32 11 36.071
32 11 36.083
32 11 36.096
32 11 36.107
32 10 36.117
32 10 36.128
32 10 36.139
32 10 36.151
32 9 36.162
32 9 36.175
32 9 36.188
31 9 36.198
32 8 36.209
31 8 36.22
31 8 36.23
31 8 36.242
32 7 36.252
31 7 36.262
32 7 36.275
32 7 36.287
32 7 36.299
32 8 36.31
32 10 36.322
32 11 36.335
32 10 36.345
32 11 36.356
32 12 36.368
32 13 36.381
32 12 36.392
32 14 36.404
31 14 36.415
31 15 36.426
32 15 36.438
32 16 36.449
32 17 36.46
32 18 36.472
32 18 36.483
32 19 36.494
32 20 36.505
32 21 36.515
32 21 36.525
32 21 36.537
32 22 36.547
31 23 36.559
32 23 36.57
32 24 36.58
32 26 36.593
32 27 36.605
32 27 36.618
32 28 36.628
31 29 36.64
32 30 36.651
32 30 36.663
31 31 36.674
31 32 36.688
32 32 36.699
32 32 36.711
32 32 36.722
32 32 36.733
32 32 36.745
32 32 36.756
32 32 36.766
32 32 36.779
32 32 36.79
32 32 36.803
31 32 36.814
31 32 36.825
31 32 36.835
32 32 36.848
32 32 36.858
32 32 36.871
32 32 36.881
32 32 36.892
32 32 36.905
32 32 36.915
31 32 36.925
32 32 36.936
32 32 36.946
32 32 36.958
31 32 36.969
32 32 36.981
32 32 36.993
31 32 37.004
31 32 37.015
32 32 37.028
32 32 37.039
32 32 37.049
32 32 37.06
32 31 37.071
32 31 37.081
31 31 37.094
31 31 37.104
32 30 37.115
32 30 37.128
32 30 37.138
32 30 37.15
32 29 37.162
32 29 37.175
32 29 37.185
32 29 37.196
32 28 37.208
31 28 37.218
31 28 37.228
32 28 37.238
32 27 37.25
32 27 37.261
31 27 37.272
31 27 37.282
32 26 37.295
31 26 37.306
31 26 37.317
32 26 37.327
32 25 37.338
32 25 37.35
32 25 37.362
32 25 37.372
32 24 37.382
32 24 37.394
32 24 37.404
31 24 37.415
32 23 37.425
32 23 37.436
31 23 37.446
32 23 37.458
32 22 37.47
32 22 37.48
32 22 37.49
32 22 37.503
32 21 37.515
32 21 37.525
32 21 37.536
32 21 37.548
32 20 37.56
31 20 37.571
32 20 37.581
32 20 37.592
32 19 37.605
32 19 37.615
32 19 37.626
32 19 37.638
32 18 37.65
32 18 37.661
31 18 37.673
31 18 37.686
32 17 37.696
32 17 37.708
32 17 37.719
32 17 37.729
32 16 37.741
32 16 37.753
32 16 37.764
32 16 37.775
32 15 37.786
32 15 37.799
32 15 37.809
31 15 37.821
32 14 37.831
32 14 37.841
32 14 37.852
32 14 37.864
32 13 37.877
32 13 37.889
32 13 37.901
32 13 37.912
32 12 37.922
32 12 37.933
32 12 37.945
32 12 37.957
32 12 37.968
32 12 37.98
32 12 37.992
32 12 38.004
32 12 38.015
32 12 38.025
32 12 38.036
32 12 38.048
32 11 38.059
32 11 38.071
32 11 38.082
32 11 38.093
32 10 38.106
31 10 38.116
31 10 38.126
31 10 38.137
32 9 38.148
31 9 38.16
31 9 38.173
32 9 38.186
32 8 38.196
31 8 38.209
31 8 38.219
31 8 38.23
32 8 38.242
32 8 38.253
31 8 38.263
31 8 38.273
32 8 38.283
32 9 38.294
31 10 38.307
32 11 38.32
32 11 38.33
32 13 38.343
31 13 38.354
32 14 38.365
32 14 38.378
32 16 38.39
32 16 38.401
32 17 38.414
32 17 38.427
32 19 38.438
31 20 38.449
31 21 38.461
32 21 38.472
32 22 38.485
32 22 38.495
31 24 38.506
32 24 38.518
32 25 38.529
31 26 38.54
31 26 38.552
32 26 38.563
32 27 38.574
31 27 38.584
31 28 38.595
32 29 38.607
32 29 38.618
32 30 38.628
32 32 38.64
32 32 38.653
32 32 38.664
31 32 38.675
31 32 38.688
32 32 38.698
31 32 38.709
31 32 38.719
31 32 38.729
32 31 38.742
32 32 38.753
31 32 38.764
32 32 38.776
32 32 38.789
32 32 38.802
32 32 38.813
32 32 38.823
32 32 38.834
32 32 38.846
32 32 38.859
32 32 38.871
32 32 38.884
32 32 38.896
32 32 38.908
32 32 38.918
32 32 38.929
31 32 38.941
32 32 38.952
31 32 38.963
32 32 38.975
31 32 38.987
32 32 39
31 32 39.01
32 32 39.02
32 32 39.03
32 32 39.042
32 32 39.054
32 32 39.065
31 32 39.075
31 32 39.087
30 32 39.097
31 31 39.11
31 31 39.122
31 31 39.134
31 31 39.146
32 30 39.159
32 30 39.169
32 30 39.181
31 30 39.191
32 29 39.202
32 29 39.214
32 29 39.226
32 29 39.237
32 28 39.248
32 28 39.259
32 28 39.269
32 28 39.28
32 27 39.291
32 27 39.303
32 27 39.313
32 27 39.325
32 26 39.338
31 26 39.348
31 26 39.358
31 26 39.369
32 25 39.38
32 25 39.393
32 25 39.403
32 25 39.414
32 24 39.424
31 24 39.435
31 24 39.445
31 24 39.455
31 23 39.466
31 23 39.476
31 23 39.487
31 23 39.498
32 22 39.51
32 22 39.523
32 22 39.535
31 22 39.547
32 21 39.558
32 21 39.57
31 21 39.581
31 21 39.594
32 20 39.605
32 20 39.617
32 20 39.63
32 20 39.642
32 19 39.652
32 19 39.663
32 19 39.674
32 19 39.685
32 18 39.697
32 18 39.708
32 18 39.719
31 18 39.729
32 17 39.741
32 17 39.752
31 17 39.764
31 17 39.774
32 16 39.786
31 16 39.798
31 16 39.81
32 16 39.82
32 15 39.832
32 15 39.844
32 15 39.855
32 15 39.866
32 14 39.878
32 14 39.888
32 14 39.899
32 14 39.909
32 13 39.919
32 13 39.932
32 13 39.943
32 13 39.954
32 12 39.965
32 12 39.978
32 12 39.988
32 12 39.999
32 11 40.01
32 11 40.023
32 11 40.034
32 11 40.044
32 10 40.055
32 10 40.066
32 10 40.078
32 10 40.091
32 9 40.101
32 9 40.113
32 9 40.125
32 9 40.138
32 8 40.149
32 8 40.159
32 8 40.169
31 8 40.179
32 8 40.191
32 9 40.201
32 10 40.214
32 10 40.225
32 11 40.235
32 11 40.248
32 12 40.261
31 13 40.271
32 12 40.281
32 13 40.294
32 14 40.306
32 15 40.316
32 15 40.327
32 17 40.339
32 17 40.35
32 19 40.361
32 18 40.374
32 20 40.384
32 21 40.394
32 22 40.405
32 22 40.416
31 23 40.427
31 25 40.439
32 25 40.449
32 25 40.462
32 26 40.473
32 28 40.483
32 29 40.496
32 29 40.506
32 30 40.517
32 31 40.527
31 32 40.54
32 31 40.551
32 32 40.561
32 32 40.573
32 32 40.583
32 32 40.593
32 32 40.606
32 32 40.616
32 32 40.629
32 31 40.64
32 32 40.653
32 32 40.664
32 32 40.675
32 32 40.687
32 32 40.7
32 32 40.711
32 32 40.721
32 32 40.734
32 32 40.745
32 32 40.756
31 32 40.767
32 32 40.777
31 32 40.79
32 32 40.802
31 32 40.813
32 32 40.823
31 32 40.835
31 32 40.847
31 32 40.859
32 32 40.87
32 32 40.882
32 32 40.893
32 32 40.903
32 32 40.916
32 32 40.928
32 32 40.939
32 32 40.952
32 32 40.962
31 32 40.972
31 32 40.983
31 32 40.993
32 31 41.005
31 31 41.015
31 31 41.028
32 31 41.038
32 30 41.051
32 30 41.063
32 30 41.074
32 30 41.085
32 29 41.095
31 29 41.106
31 29 41.116
31 29 41.127
32 28 41.137
32 28 41.15
32 28 41.162
32 28 41.172
32 27 41.182
32 27 41.193
31 27 41.205
32 27 41.217
32 26 41.23
32 26 41.243
31 26 41.255
32 26 41.268
32 25 41.278
31 25 41.288
31 25 41.299
30 25 41.309
30 24 41.32
29 24 41.331
28 24 41.343
27 24 41.355
27 23 41.367
26 23 41.379
25 23 41.389
24 23 41.4
24 22 41.413
23 22 41.425
22 22 41.435
21 22 41.448
21 21 41.458
20 21 41.469
19 21 41.48
18 21 41.491
18 20 41.501
17 20 41.513
16 20 41.524
15 20 41.536
15 19 41.546
14 19 41.558
13 19 41.57
12 19 41.581
12 18 41.594
11 18 41.606
10 18 41.616
9 18 41.628
9 17 41.639
8 17 41.651
7 17 41.662
6 17 41.672
6 16 41.683
5 16 41.695
4 16 41.707
3 16 41.72
3 15 41.731
2 15 41.743
1 15 41.756
0 15 41.769
0 14 41.779
0 13 41.79
0 12 41.8
0 11 41.81
0 10 41.82
0 9 41.833
0 8 41.843
0 7 41.854
0 8 41.864
0 7 41.874
0 7 41.887
0 7 41.9
0 7 41.91
0 7 41.923
0 7 41.936
0 7 41.946
0 7 41.959
0 7 41.971
0 7 41.981
0 7 41.991
0 7 42.001
0 7 42.012
0 8 42.022
0 7 42.034
0 8 42.045
0 8 42.056
0 8 42.068
0 7 42.081
0 7 42.091
0 7 42.104
0 7 42.116
0 7 42.128
0 7 42.138
0 7 42.151
0 7 42.161
0 7 42.174
0 6 42.186
0 6 42.198
0 7 42.211
0 7 42.221
0 6 42.233
0 6 42.244
0 6 42.255
0 6 42.268
0 6 42.278
0 7 42.289
0 7 42.299
0 6 42.312
0 6 42.322
0 6 42.34
0 6 42.351
0 6 42.362
0 6 42.376
0 7 42.388
0 7 42.4
0 8 42.413
0 8 42.425
0 7 42.436
0 7 42.448
0 8 42.458
0 7 42.469
0 7 42.482
0 8 42.492
0 7 42.504
0 8 42.515
0 7 42.526
0 8 42.537
0 8 42.549
0 8 42.56
0 8 42.57
0 8 42.583
0 8 42.594
0 8 42.606
0 8 42.616
0 8 42.629
0 8 42.639
0 8 42.652
0 8 42.665
0 8 42.675
0 8 42.687
0 7 42.698
0 8 42.708
0 7 42.72
0 8 42.732
0 9 42.742
0 8 42.754
0 8 42.766
0 8 42.779
0 8 42.79
0 7 42.803
0 7 42.815
0 7 42.825
0 6 42.836
0 6 42.848
0 6 42.861
0 6 42.873
0 6 42.884
0 6 42.896
0 6 42.907
0 6 42.92
0 6 42.93
0 6 42.941
0 6 42.953
0 5 42.965
0 5 42.977
0 5 42.988
0 5 42.999
0 5 43.01
0 6 43.023
0 5 43.036
0 5 43.048
0 5 43.06
0 6 43.072
0 6 43.085
0 6 43.096
0 6 43.107
0 6 43.12
0 6 43.132
0 6 43.142
0 6 43.153
0 6 43.166
0 6 43.178
0 6 43.191
0 6 43.204
0 7 43.216
0 6 43.227
0 6 43.24
0 6 43.253
0 6 43.265
0 5 43.278
0 5 43.29
0 4 43.3
0 5 43.311
0 5 43.323
0 5 43.336
0 5 43.349
0 6 43.36
0 6 43.371
0 5 43.381
0 5 43.392
0 4 43.405
0 5 43.417
0 5 43.429
0 5 43.441
0 5 43.454
0 5 43.464
0 6 43.475
0 6 43.488
0 6 43.498
0 5 43.51
0 5 43.523
0 5 43.536
0 4 43.547
0 4 43.558
0 4 43.571
0 4 43.582
0 5 43.595
0 5 43.606
0 5 43.619
0 5 43.629
0 5 43.642
0 5 43.655
0 5 43.668
0 5 43.678
0 4 43.691
0 4 43.702
0 4 43.714
0 4 43.725
0 3 43.738
0 3 43.75
0 3 43.761
0 3 43.773
0 3 43.786
0 3 43.799
0 4 43.809
0 3 43.822
0 3 43.834
0 3 43.845
0 3 43.856
0 2 43.869
0 3 43.879
0 3 43.892
0 3 43.904
0 3 43.915
0 3 43.928
0 3 43.941
0 3 43.952
0 4 43.964
0 4 43.976
0 4 43.989
0 4 44
0 3 44.012
0 3 44.025
0 3 44.036
0 4 44.048
0 4 44.06
0 4 44.073
0 4 44.086
0 4 44.097
0 4 44.109
0 4 44.122
0 4 44.134
0 5 44.147
0 5 44.16
0 4 44.172
0 5 44.185
0 4 44.198
0 5 44.211
0 5 44.224
0 5 44.236
0 5 44.248
0 5 44.26
0 5 44.272
0 5 44.285
0 5 44.297
0 5 44.31
0 5 44.323
0 6 44.335
0 6 44.348
0 6 44.36
0 6 44.37
0 6 44.381
0 5 44.394
0 5 44.406
0 5 44.418
0 5 44.429
0 4 44.441
0 4 44.452
0 4 44.462
0 5 44.472
0 5 44.485
0 4 44.498
0 4 44.51
0 4 44.522
0 4 44.535
0 4 44.548
0 4 44.561
0 3 44.572
0 4 44.582
0 4 44.595
0 4 44.606
0 5 44.616
0 5 44.628
0 5 44.641
0 5 44.652
0 5 44.662
0 4 44.675
0 5 44.685
0 5 44.695
0 4 44.706
0 4 44.717
0 4 44.728
0 4 44.741
0 4 44.754
0 4 44.766
0 4 44.778
0 4 44.789
0 3 44.799
0 3 44.81
0 3 44.821
0 3 44.831
0 3 44.841
0 2 44.854
0 2 44.865
0 2 44.878
0 2 44.89
0 2 44.901
0 2 44.912
0 2 44.925
0 2 44.938
0 2 44.95
0 3 44.962
0 3 44.975
0 3 44.988
0 3 44.999
0 3 45.012
0 3 45.025
0 4 45.037
0 4 45.048
0 3 45.06
0 3 45.071
0 3 45.081
0 3 45.094
0 3 45.106
0 3 45.116
0 3 45.129
0 3 45.141
0 4 45.154
0 3 45.166
0 4 45.179
0 4 45.191
0 4 45.203
0 4 45.214
0 3 45.225
0 4 45.237
0 3 45.248
0 4 45.261
0 5 45.273
0 4 45.284
0 4 45.296
0 4 45.307
0 4 45.32
0 4 45.332
0 5 45.344
0 4 45.356
0 5 45.368
0 4 45.38
0 5 45.391
0 4 45.401
0 4 45.413
0 3 45.424
0 3 45.436
0 3 45.447
0 3 45.46
0 3 45.473
0 4 45.483
0 3 45.494
0 4 45.504
0 4 45.517
0 4 45.529
0 4 45.542
0 4 45.552
0 4 45.562
0 4 45.574
0 3 45.585
0 4 45.597
0 4 45.609
0 4 45.619
0 4 45.632
0 4 45.644
0 5 45.656
0 4 45.669
0 4 45.682
0 5 45.694
0 5 45.705
0 5 45.718
0 5 45.731
0 5 45.744
0 5 45.756
0 5 45.769
0 6 45.781
0 5 45.794
0 6 45.805
0 5 45.818
0 5 45.829
0 5 45.84
0 4 45.85
0 4 45.862
0 4 45.875
0 4 45.886
0 4 45.898
0 4 45.908
0 4 45.921
0 5 45.931
0 5 45.944
0 5 45.956
0 4 45.966
0 5 45.979
0 4 45.989
0 5 46
0 5 46.013
0 6 46.026
0 6 46.038
0 6 46.049
0 6 46.061
0 6 46.073
0 6 46.083
0 6 46.096
0 6 46.107
0 5 46.12
0 5 46.132
0 5 46.144
0 5 46.156
0 5 46.169
0 6 46.181
0 6 46.194
0 5 46.206
0 5 46.219
0 5 46.232
0 5 46.244
0 5 46.254
0 5 46.267
0 5 46.28
0 5 46.291
0 5 46.303
0 5 46.316
0 5 46.328
0 5 46.339
0 5 46.351
0 6 46.364
0 6 46.377
0 6 46.388
0 5 46.399
0 5 46.409
0 5 46.42
0 4 46.432
0 4 46.444
0 4 46.456
0 4 46.466
0 4 46.477
0 3 46.488
0 4 46.5
0 4 46.512
0 4 46.524
0 3 46.535
0 3 46.547
0 4 46.559
0 4 46.571
0 5 46.582
0 5 46.595
0 5 46.606
0 5 46.617
0 5 46.629
0 5 46.642
0 6 46.652
0 6 46.665
0 6 46.678
0 5 46.689
0 6 46.7
0 5 46.711
0 5 46.722
0 6 46.734
0 6 46.745
0 6 46.758
0 6 46.77
0 6 46.783
0 6 46.796
0 6 46.808
0 6 46.819
0 7 46.832
0 7 46.844
0 7 46.855
0 6 46.867
0 6 46.88
0 6 46.892
0 6 46.903
0 5 46.914
0 5 46.925
0 5 46.935
0 5 46.948
0 5 46.961
0 5 46.972
0 5 46.983
0 5 46.994
0 5 47.006
0 5 47.017
0 6 47.03
0 6 47.043
0 5 47.054
0 6 47.067
0 5 47.079
0 5 47.092
0 5 47.103
0 5 47.116
0 6 47.129
0 6 47.139
0 6 47.151
0 6 47.162
0 6 47.173
0 6 47.185
0 6 47.197
0 6 47.208
0 6 47.219
0 6 47.231
0 6 47.244
0 6 47.255
0 6 47.268
0 5 47.28
0 6 47.293
0 6 47.305
0 6 47.318
0 6 47.331
0 6 47.343
0 6 47.355
0 5 47.367
0 6 47.38
0 6 47.393
0 6 47.405
0 6 47.418
0 6 47.43
0 6 47.443
0 7 47.455
0 6 47.466
0 6 47.479
0 6 47.489
0 6 47.502
0 6 47.513
0 6 47.526
0 7 47.538
0 7 47.551
0 7 47.564
0 8 47.574
0 9 47.586
0 9 47.599
0 9 47.611
0 9 47.623
0 9 47.636
0 9 47.647
0 9 47.657
0 9 47.67
0 10 47.682
0 10 47.695
0 10 47.705
0 10 47.718
0 11 47.731
0 11 47.741
0 11 47.753
0 11 47.766
0 11 47.779
0 11 47.791
0 11 47.803
0 11 47.814
0 10 47.824
0 10 47.837
0 10 47.85
0 10 47.863
0 10 47.874
0 10 47.887
0 10 47.9
0 10 47.913
0 10 47.923
0 10 47.936
0 10 47.949
0 10 47.961
0 10 47.972
0 10 47.985
0 10 47.998
0 10 48.008
0 10 48.019
0 11 48.031
0 11 48.044
0 11 48.056
0 11 48.069
0 11 48.08
0 11 48.091
0 11 48.104
0 11 48.116
0 11 48.127
0 11 48.138
0 11 48.151
0 11 48.164
0 11 48.175
0 11 48.185
0 11 48.197
0 11 48.207
0 11 48.218
0 11 48.229
0 11 48.24
0 10 48.253
0 10 48.266
0 11 48.276
0 11 48.289
0 11 48.301
0 11 48.314
0 11 48.326
0 11 48.337
0 11 48.348
0 11 48.358
0 11 48.371
0 11 48.384
0 11 48.397
0 11 48.408
0 11 48.421
0 12 48.434
0 12 48.447
0 12 48.458
0 12 48.471
0 12 48.483
0 12 48.496
0 12 48.506
0 12 48.518
0 12 48.528
0 12 48.539
0 12 48.551
0 12 48.561
0 12 48.574
0 12 48.587
0 12 48.6
0 13 48.613
0 12 48.624
0 13 48.636
0 13 48.649
0 14 48.661
0 14 48.672
0 14 48.683
0 14 48.696
0 14 48.707
0 13 48.717
0 14 48.728
0 14 48.739
0 13 48.751
0 13 48.764
0 13 48.774
0 13 48.787
0 13 48.8
0 13 48.81
0 13 48.823
0 13 48.836
0 14 48.847
0 14 48.858
0 13 48.87
0 13 48.882
0 13 48.894
0 13 48.906
0 13 48.919
0 13 48.929
0 13 48.94
0 13 48.952
0 12 48.965
0 12 48.975
0 12 48.987
0 13 48.999
0 13 49.01
0 13 49.022
0 13 49.032
0 13 49.044
0 13 49.056
0 13 49.069
0 14 49.081
0 13 49.093
0 13 49.105
0 13 49.116
0 13 49.126
0 12 49.138
0 13 49.151
0 13 49.163
0 13 49.174
0 12 49.187
0 12 49.198
0 12 49.208
0 13 49.221
0 12 49.231
0 12 49.244
0 12 49.256
0 12 49.266
0 12 49.277
0 12 49.288
0 11 49.301
0 11 49.312
0 12 49.324
0 12 49.337
0 13 49.347
0 12 49.358
0 12 49.371
0 12 49.382
0 12 49.395
0 12 49.406
0 12 49.419
0 12 49.429
0 11 49.439
0 11 49.45
0 11 49.463
0 11 49.474
0 11 49.487
0 12 49.5
0 12 49.511
0 12 49.523
0 12 49.534
0 12 49.546
0 11 49.558
0 11 49.57
0 12 49.583
0 13 49.595
0 12 49.608
0 13 49.621
0 14 49.633
0 14 49.644
0 13 49.655
0 13 49.668
0 14 49.678
0 13 49.69
0 13 49.701
0 13 49.712
0 12 49.722
0 12 49.733
0 13 49.744
0 13 49.756
0 14 49.769
0 14 49.781
0 14 49.792
0 14 49.804
0 15 49.814
0 15 49.826
0 14 49.837
0 14 49.849
0 14 49.861
0 14 49.873
0 15 49.886
0 14 49.897
0 14 49.909
0 14 49.919
0 14 49.929
0 14 49.94
0 14 49.953
0 14 49.965
0 14 49.976
0 14 49.986
0 14 49.999
0 14 50.011
0 14 50.022
0 13 50.032
0 13 50.042
0 13 50.053
0 13 50.063
0 13 50.076
0 12 50.089
0 12 50.1
0 13 50.112
0 13 50.123
0 13 50.133
0 13 50.145
0 13 50.158
0 13 50.168
0 14 50.181
0 13 50.191
0 13 50.202
0 13 50.212
0 13 50.225
0 13 50.235
0 13 50.246
0 12 50.256
0 12 50.269
0 13 50.28
0 12 50.293
0 12 50.306
0 12 50.317
0 12 50.328
0 11 50.34
0 11 50.352
0 11 50.364
0 10 50.376
0 10 50.388
0 10 50.4
0 10 50.41
0 9 50.42
0 10 50.432
0 10 50.444
0 10 50.454
0 9 50.465
0 9 50.475
0 9 50.485
0 9 50.497
0 9 50.508
0 10 50.521
0 10 50.534
0 10 50.544
0 9 50.555
0 10 50.565
0 10 50.577
0 10 50.589
0 9 50.599
0 9 50.61
0 9 50.621
0 9 50.631
0 9 50.643
0 9 50.653
0 9 50.664
0 10 50.677
0 10 50.689
0 10 50.701
0 10 50.712
0 9 50.725
0 10 50.738
0 10 50.749
0 9 50.76
0 9 50.773
0 9 50.785
0 9 50.798
0 9 50.81
0 9 50.822
0 9 50.833
0 9 50.845
0 9 50.856
0 9 50.867
0 9 50.878
0 8 50.891
0 9 50.904
0 9 50.915
0 9 50.927
0 9 50.94
0 9 50.953
0 9 50.965
0 9 50.976
0 9 50.987
0 9 50.999
0 9 51.011
0 9 51.024
0 9 51.037
0 9 51.047
0 9 51.059
0 9 51.07
0 9 51.083
0 9 51.095
0 9 51.106
0 9 51.117
0 9 51.129
0 9 51.142
0 10 51.155
0 10 51.166
0 10 51.179
0 11 51.191
0 11 51.203
0 11 51.216
0 10 51.229
0 10 51.241
0 10 51.253
0 11 51.266
0 10 51.277
0 10 51.288
0 9 51.299
0 9 51.31
0 9 51.321
0 9 51.331
0 9 51.343
0 9 51.356
0 9 51.367
0 9 51.38
0 9 51.391
0 8 51.401
0 8 51.413
0 9 51.426
0 9 51.438
0 9 51.449
0 10 51.459
0 9 51.47
0 9 51.482
0 10 51.494
0 9 51.506
0 9 51.518
0 9 51.53
0 9 51.54
0 9 51.55
0 8 51.563
0 8 51.574
0 9 51.587
0 9 51.597
0 9 51.61
0 9 51.622
0 9 51.632
0 9 51.644
0 9 51.655
0 8 51.666
0 9 51.679
0 9 51.69
0 9 51.7
0 9 51.713
0 9 51.724
0 9 51.736
0 9 51.747
0 10 51.76
0 10 51.771
0 10 51.783
0 10 51.794
0 10 51.806
0 10 51.818
0 9 51.831
0 9 51.844
0 9 51.856
0 9 51.87
0 10 51.881
0 9 51.891
0 9 51.902
0 9 51.914
0 10 51.924
0 10 51.937
0 10 51.948
0 10 51.96
0 10 51.971
0 10 51.982
0 10 51.993
0 10 52.006
0 10 52.019
0 10 52.032
0 10 52.044
0 10 52.056
0 10 52.069
0 11 52.082
0 11 52.094
0 11 52.106
0 12 52.118
0 11 52.128
0 11 52.141
0 11 52.153
0 11 52.165
0 11 52.176
0 11 52.189
0 11 52.201
0 11 52.213
0 12 52.224
0 12 52.235
0 12 52.247
0 11 52.26
0 11 52.273
0 11 52.283
0 11 52.296
0 10 52.306
0 10 52.317
0 10 52.329
0 9 52.34
0 9 52.351
0 10 52.364
0 9 52.377
0 9 52.39
0 9 52.4
0 9 52.413
0 10 52.423
0 10 52.435
0 10 52.446
0 10 52.457
0 10 52.468
0 10 52.48
0 10 52.492
0 10 52.505
0 10 52.516
0 10 52.526
0 10 52.539
0 10 52.549
0 10 52.562
0 11 52.575
0 10 52.586
0 10 52.599
0 10 52.612
0 10 52.624
0 10 52.634
0 9 52.647
0 10 52.66
0 10 52.673
0 9 52.685
0 10 52.698
0 9 52.711
0 9 52.721
0 9 52.733
0 9 52.744
0 8 52.755
0 8 52.766
0 8 52.776
0 8 52.787
0 9 52.799
0 9 52.811
0 9 52.822
0 9 52.833
0 9 52.844
0 9 52.856
0 9 52.867
0 9 52.879
0 9 52.892
0 9 52.902
0 9 52.915
0 9 52.926
0 10 52.936
0 10 52.949
0 10 52.962
0 11 52.974
0 11 52.984
0 11 52.995
0 10 53.005
0 10 53.017
0 10 53.028
0 10 53.04
0 9 53.051
0 9 53.063
0 10 53.076
0 10 53.087
0 10 53.099
0 10 53.112
0 11 53.124
0 10 53.135
0 10 53.146
0 10 53.158
0 10 53.17
0 10 53.183
0 11 53.195
0 11 53.205
0 11 53.218
0 11 53.228
0 11 53.239
0 11 53.252
0 12 53.265
0 12 53.275
0 12 53.285
0 11 53.298
0 11 53.311
0 11 53.323
0 11 53.335
0 11 53.346
0 11 53.356
0 11 53.368
0 10 53.379
0 10 53.391
0 11 53.402
0 10 53.414
0 10 53.426
0 10 53.437
0 11 53.451
0 11 53.463
0 10 53.474
0 11 53.485
0 11 53.498
0 10 53.51
0 10 53.521
0 10 53.534
0 10 53.547
0 11 53.559
0 11 53.572
0 11 53.584
0 11 53.597
0 11 53.61
0 11 53.622
0 11 53.635
0 11 53.648
0 12 53.658
0 12 53.671
0 12 53.684
0 11 53.694
0 12 53.705
0 12 53.715
0 12 53.726
0 12 53.737
0 12 53.75
0 13 53.762
0 12 53.775
0 11 53.786
0 11 53.796
0 11 53.809
0 11 53.819
0 10 53.831
0 10 53.841
0 10 53.852
0 10 53.865
0 10 53.877
0 10 53.888
0 10 53.9
0 10 53.912
0 11 53.923
0 10 53.933
0 10 53.944
0 10 53.956
0 10 53.967
0 10 53.98
0 10 53.99
0 10 54.002
0 10 54.015
0 11 54.025
0 11 54.037
0 11 54.049
0 11 54.062
0 11 54.073
0 10 54.085
0 11 54.097
0 11 54.11
0 11 54.123
0 11 54.134
0 11 54.145
0 12 54.155
0 11 54.167
0 11 54.177
0 11 54.188
0 11 54.198
0 11 54.211
0 12 54.223
0 11 54.235
0 11 54.247
0 12 54.257
0 12 54.27
0 12 54.28
0 12 54.29
0 12 54.303
0 12 54.316
0 12 54.327
0 13 54.337
0 12 54.348
0 12 54.359
0 12 54.371
0 12 54.383
0 12 54.394
0 12 54.406
0 12 54.419
0 13 54.43
0 13 54.441
0 13 54.453
0 13 54.464
0 13 54.475
0 12 54.488
0 12 54.5
0 13 54.511
0 13 54.522
0 13 54.533
0 13 54.544
0 12 54.556
0 13 54.569
0 12 54.58
0 12 54.591
0 12 54.604
0 12 54.615
0 13 54.628
0 12 54.638
0 12 54.652
0 12 54.664
0 12 54.675
0 11 54.685
0 12 54.696
0 12 54.708
0 11 54.719
0 12 54.731
0 12 54.744
0 12 54.756
0 11 54.766
0 11 54.778
0 11 54.789
0 11 54.801
0 10 54.813
0 10 54.824
0 11 54.835
0 11 54.847
0 10 54.858
0 11 54.87
0 11 54.883
0 11 54.894
0 10 54.905
0 10 54.916
0 10 54.929
0 10 54.94
0 10 54.95
0 10 54.963
0 10 54.974
0 10 54.986
0 10 54.999
0 10 55.009
0 10 55.019
0 9 55.031
0 10 55.043
0 10 55.054
0 10 55.065
0 10 55.075
0 10 55.088
0 10 55.101
0 9 55.113
0 9 55.124
0 9 55.134
0 9 55.145
0 8 55.156
0 8 55.169
0 8 55.179
0 8 55.192
0 8 55.205
0 8 55.218
0 8 55.229
0 8 55.24
0 8 55.253
0 8 55.263
0 7 55.273
0 7 55.286
0 7 55.296
0 7 55.307
0 7 55.32
0 6 55.331
0 7 55.344
0 7 55.356
0 7 55.369
0 7 55.379
0 6 55.39
0 6 55.402
0 6 55.413
0 6 55.424
0 6 55.436
0 6 55.448
0 6 55.46
0 6 55.473
0 6 55.484
0 7 55.495
0 7 55.507
0 7 55.518
0 7 55.529
0 7 55.54
0 7 55.553
0 6 55.565
0 7 55.576
0 7 55.589
0 7 55.6
0 7 55.611
0 7 55.623
0 6 55.634
0 7 55.644
0 6 55.656
0 6 55.669
0 5 55.679
0 5 55.691
0 5 55.702
0 5 55.712
0 4 55.725
0 4 55.737
0 5 55.749
0 6 55.76
0 6 55.772
0 6 55.785
0 6 55.797
0 6 55.809
0 5 55.821
0 5 55.834
0 6 55.844
0 5 55.857
0 5 55.869
0 6 55.88
0 6 55.892
0 7 55.902
0 6 55.915
0 7 55.928
0 6 55.939
0 6 55.952
0 6 55.964
0 7 55.975
0 6 55.986
0 7 55.999
0 7 56.01
0 7 56.022
0 6 56.033
0 6 56.044
0 6 56.056
0 6 56.068
0 6 56.081
0 6 56.092
0 6 56.104
0 6 56.115
0 6 56.128
0 6 56.139
0 5 56.152
0 5 56.162
0 5 56.175
0 5 56.188
0 5 56.201
0 5 56.213
0 4 56.224
0 4 56.234
0 4 56.245
0 4 56.256
0 4 56.268
0 4 56.279
0 4 56.29
0 4 56.303
0 4 56.316
0 4 56.326
0 3 56.338
0 3 56.351
0 4 56.362
0 3 56.375
0 3 56.386
0 4 56.399
0 3 56.41
0 3 56.421
0 4 56.433
0 4 56.443
0 4 56.456
0 4 56.468
0 4 56.479
0 4 56.491
0 4 56.504
0 4 56.517
0 4 56.528
0 4 56.538
0 4 56.551
0 4 56.562
0 4 56.575
0 4 56.587
0 4 56.598
0 4 56.611
0 4 56.624
0 5 56.634
0 5 56.647
0 5 56.657
0 5 56.668
0 5 56.678
0 5 56.69
0 5 56.703
0 5 56.714
0 5 56.727
0 5 56.737
0 5 56.749
0 5 56.761
0 5 56.773
0 5 56.785
0 4 56.795
0 4 56.806
0 4 56.818
0 4 56.83
0 5 56.842
0 5 56.854
0 5 56.865
0 5 56.875
0 4 56.888
0 4 56.899
0 4 56.911
0 4 56.924
0 4 56.935
0 4 56.946
0 4 56.958
0 4 56.971
0 4 56.983
0 4 56.995
0 4 57.006
0 4 57.019
0 4 57.03
0 4 57.043
0 4 57.056
0 4 57.066
0 5 57.078
0 4 57.089
0 4 57.101
0 4 57.113
0 4 57.123
0 4 57.136
0 4 57.147
0 4 57.159
0 4 57.172
0 5 57.183
0 5 57.195
0 5 57.206
0 5 57.219
0 5 57.231
0 5 57.241
0 5 57.254
0 5 57.266
0 5 57.279
0 5 57.292
0 5 57.304
0 6 57.315
0 5 57.327
0 5 57.339
0 6 57.349
0 6 57.362
0 6 57.373
0 6 57.383
0 6 57.395
0 5 57.406
0 6 57.417
0 5 57.429
0 5 57.44
0 5 57.453
0 6 57.464
0 5 57.475
0 5 57.488
0 5 57.498
0 5 57.51
0 5 57.523
0 6 57.533
0 6 57.544
0 5 57.556
0 5 57.569
0 5 57.58
0 6 57.591
0 6 57.604
0 6 57.616
0 6 57.628
0 5 57.64
0 5 57.65
0 5 57.663
0 5 57.676
0 6 57.687
0 5 57.7
0 6 57.713
0 5 57.724
0 5 57.735
0 5 57.746
0 5 57.756
0 5 57.767
0 6 57.779
0 5 57.791
0 5 57.802
0 5 57.814
0 5 57.826
0 4 57.837
0 4 57.847
0 3 57.858
0 3 57.869
0 3 57.88
0 3 57.893
0 3 57.906
0 3 57.916
0 3 57.929
0 3 57.939
0 3 57.95
0 3 57.962
0 3 57.974
0 3 57.987
0 4 57.997
0 3 58.009
0 3 58.02
0 3 58.03
0 3 58.041
0 3 58.054
0 3 58.065
0 2 58.076
0 2 58.088
0 2 58.1
0 2 58.113
0 2 58.124
0 2 58.134
0 1 58.147
0 1 58.157
0 2 58.168
0 2 58.181
0 2 58.192
0 2 58.205
0 2 58.216
0 2 58.226
0 2 58.237
0 2 58.248
0 2 58.258
0 2 58.269
0 3 58.281
0 3 58.294
0 3 58.306
0 3 58.317
0 3 58.33
0 3 58.342
0 3 58.354
0 2 58.365
0 2 58.376
0 2 58.389
0 3 58.402
0 2 58.413
0 2 58.426
0 2 58.436
0 2 58.447
0 3 58.46
0 2 58.47
0 2 58.482
0 2 58.495
0 2 58.506
0 2 58.517
0 3 58.53
0 3 58.542
0 4 58.553
0 3 58.566
0 4 58.579
0 4 58.592
0 4 58.604
0 4 58.615
0 4 58.627
0 4 58.638
0 4 58.648
0 3 58.661
0 3 58.671
0 3 58.682
0 3 58.695
0 2 58.707
0 3 58.72
0 3 58.732
0 2 58.743
0 3 58.756
0 3 58.768
0 2 58.779
0 3 58.792
0 3 58.804
0 3 58.817
0 3 58.828
0 3 58.841
0 4 58.851
0 4 58.863
0 3 58.875
0 3 58.886
0 3 58.899
0 3 58.911
0 2 58.922
0 2 58.933
0 2 58.946
0 1 58.956
0 1 58.969
0 1 58.979
0 1 58.992
0 1 59.004
0 1 59.017
0 1 59.028
0 1 59.041
0 1 59.051
0 0 59.064
0 1 59.077
0 0 59.087
0 0 59.106
0 0 59.127
0 0 59.141
0 0 59.16
0 0 59.175
0 0 59.187
0 0 59.2
0 0 59.214
0 0 59.228
0 0 59.244
0 1 59.261
0 1 59.272
0 1 59.284
0 1 59.295
0 2 59.306
0 3 59.318
0 3 59.331
0 3 59.341
0 3 59.352
0 4 59.365
0 4 59.377
0 4 59.388
0 4 59.401
0 4 59.414
0 4 59.425
0 3 59.436
0 3 59.449
0 3 59.46
0 4 59.47
0 3 59.483
0 3 59.495
0 3 59.506
0 3 59.518
0 3 59.531
0 3 59.544
0 3 59.556
0 3 59.568
0 4 59.58
0 3 59.591
0 3 59.603
0 3 59.616
0 3 59.629
0 3 59.639
0 3 59.651
0 3 59.664
0 3 59.677
0 3 59.687
0 3 59.7
0 3 59.711
0 3 59.722
0 3 59.735
0 4 59.745
0 3 59.756
0 3 59.768
0 2 59.78
0 3 59.793
0 3 59.805
0 3 59.818
0 3 59.829
0 3 59.839
0 2 59.851
0 3 59.863
0 3 59.875
0 3 59.886
0 2 59.896
0 3 59.907
0 2 59.919
0 2 59.93
0 2 59.942
0 1 59.952
0 2 59.965
0 2 59.977
0 2 59.988
0 2 60
0 2 60.01
0 2 60.021
0 1 60.034
0 1 60.047
0 2 60.057
0 1 60.07
0 2 60.082
0 2 60.094
0 3 60.106
0 3 60.119
0 3 60.13
0 3 60.14
0 3 60.153
0 3 60.164
0 3 60.175
0 4 60.185
0 4 60.198
0 3 60.208
0 4 60.221
0 4 60.231
0 3 60.243
0 3 60.256
0 3 60.266
0 3 60.276
0 3 60.288
0 3 60.298
0 3 60.309
0 4 60.321
0 4 60.331
0 4 60.342
0 4 60.354
0 4 60.367
0 4 60.379
0 5 60.392
0 5 60.404
0 5 60.414
0 5 60.425
0 4 60.437
0 5 60.448
0 5 60.458
0 5 60.47
0 5 60.48
0 5 60.493
0 5 60.505
0 6 60.517
0 5 60.528
0 5 60.538
0 5 60.55
0 5 60.56
0 5 60.571
0 5 60.581
0 6 60.592
0 5 60.604
0 5 60.614
0 5 60.626
0 5 60.638
0 5 60.65
0 6 60.661
0 5 60.673
0 5 60.683
0 5 60.694
0 5 60.706
0 5 60.718
0 5 60.729
0 4 60.741
0 5 60.752
0 5 60.762
0 5 60.774
0 6 60.784
0 5 60.794
0 5 60.805
0 4 60.818
0 4 60.828
0 4 60.841
0 4 60.852
0 4 60.862
0 4 60.874
0 4 60.884
0 4 60.895
0 3 60.907
0 3 60.918
0 3 60.929
0 4 60.939
0 4 60.951
0 4 60.962
0 4 60.974
0 5 60.987
0 4 60.997
0 4 61.009
0 4 61.02
0 4 61.031
0 4 61.042
0 3 61.052
0 4 61.068
0 4 61.079
0 4 61.091
0 4 61.104
0 4 61.114
0 3 61.126
0 3 61.136
0 3 61.148
0 3 61.16
0 4 61.173
0 4 61.185
0 4 61.197
0 4 61.208
0 4 61.218
0 5 61.23
0 5 61.242
0 5 61.254
0 5 61.264
0 4 61.275
0 4 61.286
0 4 61.299
0 4 61.312
0 5 61.324
0 6 61.337
0 6 61.347
0 6 61.359
0 6 61.369
0 6 61.38
0 6 61.392
0 6 61.403
0 5 61.414
0 6 61.425
0 5 61.437
0 5 61.449
0 5 61.459
0 5 61.47
0 5 61.48
0 5 61.492
0 5 61.504
0 5 61.514
0 6 61.525
0 6 61.535
0 5 61.547
0 5 61.559
0 6 61.57
0 5 61.581
0 5 61.592
0 5 61.604
0 6 61.617
0 5 61.628
0 5 61.64
0 5 61.652
0 5 61.664
0 5 61.674
0 5 61.685
0 4 61.695
0 5 61.706
0 4 61.716
0 4 61.727
0 4 61.737
0 3 61.754
0 3 61.77
0 3 61.782
0 3 61.794
0 3 61.805
0 4 61.816
0 3 61.829
0 3 61.841
0 4 61.851
0 4 61.864
0 4 61.875
0 4 61.886
0 4 61.896
0 5 61.909
0 5 61.919
0 5 61.929
0 5 61.941
0 4 61.953
0 5 61.964
0 4 61.976
0 5 61.986
0 4 61.996
0 4 62.007
0 4 62.019
0 4 62.03
0 4 62.041
0 4 62.053
0 5 62.065
0 5 62.076
0 5 62.086
0 5 62.098
0 5 62.11
0 5 62.121
0 5 62.132
0 4 62.143
0 3 62.155
0 2 62.165
0 1 62.176
0 0 62.187
