0 0.035
0.14 0.081
0.135 0.127
0.1695 0.175
0.21425 0.222
0.256375 0.271
0.300312 0.317
0.333969 0.366
0.376391 0.41
0.408148 0.454
0.438551 0.498
0.464514 0.544
0.485626 0.592
0.529248 0.636
0.556841 0.681
0.596779 0.725
0.634819 0.772
0.668624 0.82
0.699669 0.867
0.743763 0.91
0.772346 0.956
0.810655 1.005
0.842319 1.049
0.873905 1.092
0.901325 1.14
0.926849 1.185
0.960268 1.229
0.995806 1.27
1.03299 1.315
1.07604 1.358
1.10904 1.403
1.14978 1.444
1.18452 1.487
1.20708 1.534
1.2442 1.575
1.27018 1.62
1.30738 1.67
1.35783 1.715
1.40399 1.759
1.43853 1.803
1.47003 1.849
1.4954 1.906
1.54139 1.949
1.53504 1.994
1.50819 2.039
1.49618 2.083
1.48088 2.13
1.47159 2.177
1.46812 2.222
1.46022 2.269
1.45503 2.315
1.45272 2.36
1.99197 2.406
1.71979 2.452
1.29554 2.498
0.948848 2.543
0.716462 2.585
0.643712 2.626
0.635096 2.673
0.659418 2.716
0.694394 2.761
0.71979 2.807
0.757941 2.854
0.792744 2.897
0.824508 2.945
0.861323 2.991
0.894445 3.036
0.927865 3.084
0.967253 3.13
1.00454 3.176
1.03622 3.219
1.06509 3.264
1.09228 3.309
1.12276 3.358
1.16194 3.405
1.20575 3.453
1.24351 3.498
1.27758 3.541
1.3047 3.588
1.3383 3.632
1.37388 3.678
1.4113 3.724
1.44883 3.769
1.47851 3.815
1.51855 3.861
1.56242 3.908
1.54328 3.956
1.51568 4.002
1.50336 4.048
1.49519 4.093
1.4911 4.14
1.48405 4.186
1.48253 4.236
1.48651 4.283
1.48613 4.329
2.03013 4.377
1.73685 4.424
1.31106 4.467
0.969602 4.515
0.745336 4.56
0.673651 4.61
0.681066 4.656
0.711654 4.703
0.749387 4.749
0.780974 4.795
0.821377 4.842
0.848384 4.889
0.890289 4.935
0.923443 4.98
0.955621 5.024
0.99076 5.072
1.0251 5.117
1.05616 5.163
1.08964 5.209
1.12685 5.252
1.15719 5.299
1.19348 5.348
1.23718 5.393
1.26681 5.438
1.29302 5.481
1.31631 5.526
1.35056 5.572
1.38023 5.618
1.41934 5.664
1.45428 5.712
1.4877 5.76
1.52513 5.801
1.5467 5.843
1.53967 5.891
1.51275 5.936
1.50333 5.983
1.49964 6.031
1.49531 6.078
1.48365 6.129
1.48432 6.176
1.48166 6.224
1.48183 6.269
2.04766 6.315
1.74746 6.357
1.30679 6.405
0.950427 6.455
0.715479 6.499
0.633607 6.543
0.626987 6.589
0.651835 6.636
0.691339 6.68
0.72338 6.728
0.759045 6.774
0.8012 6.82
0.834939 6.866
0.867639 6.91
0.900154 6.956
0.931244 6.999
0.962206 7.046
0.994895 7.091
1.03709 7.137
1.07787 7.186
1.11735 7.233
1.16488 7.277
1.19679 7.324
1.23232 7.367
1.26162 7.411
1.29154 7.455
1.30439 7.503
1.324 7.547
1.35315 7.593
1.39265 7.638
1.42637 7.682
1.45195 7.732
1.49536 7.774
1.53337 7.821
1.56303 7.864
1.52619 7.911
1.49818 7.956
1.48838 8
1.47809 8.045
1.46874 8.088
1.46352 8.133
1.45884 8.181
1.91121 8.229
1.68025 8.277
1.4297 8.324
1.08413 8.371
0.81271 8.419
0.644533 8.466
0.606606 8.513
0.626473 8.559
0.666821 8.605
0.702953 8.647
0.741748 8.695
0.79101 8.741
0.826323 8.786
0.85907 8.834
0.89899 8.882
0.940472 8.923
0.978725 8.972
1.01886 9.015
1.05168 9.06
1.07996 9.107
1.11854 9.161
1.1658 9.205
1.19617 9.253
1.23747 9.298
1.27392 9.345
1.31206 9.391
1.35058 9.434
1.38156 9.479
1.41267 9.524
1.44303 9.569
1.46786 9.614
1.50735 9.658
1.53539 9.707
1.5773 9.749
1.5517 9.795
1.51088 9.841
1.4937 9.886
1.48473 9.932
1.47518 9.98
1.47443 10.024
1.47189 10.072
1.47253 10.115
1.47281 10.159
1.47113 10.204
1.99643 10.249
1.7769 10.296
1.33954 10.342
0.967815 10.384
0.711181 10.43
0.600454 10.476
0.591659 10.518
0.614045 10.561
0.639631 10.609
0.669869 10.654
0.698462 10.698
0.728244 10.743
0.770379 10.789
0.810068 10.835
0.847973 10.876
0.881706 10.921
0.920213 10.965
0.950536 11.009
0.969983 11.055
0.992599 11.099
1.02335 11.147
1.05795 11.191
1.10062 11.236
1.13513 11.282
1.17897 11.329
1.21369 11.375
1.2457 11.433
1.29678 11.496
1.36185 11.546
1.40791 11.593
1.43419 11.639
1.47022 11.682
1.49917 11.731
1.53486 11.776
1.56982 11.824
1.55386 11.87
1.55665 11.916
1.54594 11.959
1.52077 12.004
1.51204 12.053
1.51235 12.101
1.50734 12.147
1.50375 12.195
1.96508 12.242
1.72615 12.287
1.49088 12.333
1.12734 12.375
0.82762 12.423
0.628335 12.47
0.57718 12.513
0.581096 12.56
0.605551 12.607
0.623277 12.654
0.656889 12.697
0.69882 12.743
0.735348 12.789
0.773893 12.836
0.819556 12.88
0.855083 12.924
0.888944 12.97
0.923923 13.021
0.953187 13.069
0.987456 13.114
1.02316 13.159
1.05905 13.204
1.09476 13.248
1.13174 13.29
1.15531 13.335
1.18087 13.383
1.21554 13.458
1.28708 13.504
1.33144 13.548
1.36992 13.595
1.40381 13.638
1.43858 13.683
1.47713 13.726
1.50923 13.771
1.5462 13.816
1.57864 13.864
1.58934 13.911
1.56093 13.957
1.52285 14.001
1.51836 14.046
1.50665 14.09
1.49559 14.137
1.48968 14.183
1.49065 14.228
1.95742 14.278
1.83301 14.32
1.4079 14.366
1.0184 14.408
0.746425 14.453
0.6281 14.499
0.608244 14.544
0.614469 14.59
0.644158 14.631
0.671791 14.678
0.709501 14.728
0.746054 14.771
0.782928 14.815
0.816165 14.858
0.851183 14.901
0.884892 14.945
0.910596 14.989
0.939373 15.036
0.976974 15.084
1.01338 15.132
1.05339 15.174
1.07104 15.218
1.1022 15.262
1.13143 15.308
1.16639 15.354
1.19353 15.402
1.23393 15.447
1.26805 15.494
1.30157 15.538
1.3303 15.583
1.36566 15.631
1.41309 15.676
1.45617 15.722
1.4804 15.766
1.51111 15.811
1.54726 15.853
1.52323 15.899
1.49492 15.948
1.48886 15.993
1.47738 16.036
1.46291 16.083
1.46407 16.133
1.46584 16.178
1.91127 16.221
1.68256 16.267
1.42949 16.316
1.08485 16.363
0.810978 16.41
0.652963 16.456
0.620468 16.501
0.628727 16.549
0.65861 16.595
0.697929 16.64
0.734276 16.687
0.776544 16.733
0.813225 16.778
0.847839 16.822
0.875783 16.866
0.905573 16.909
0.934877 16.955
0.973484 17.002
1.01101 17.048
1.04914 17.096
1.07489 17.143
1.1086 17.187
1.13713 17.231
1.17973 17.274
1.2147 17.319
1.24877 17.365
1.27359 17.411
1.3104 17.455
1.33975 17.499
1.3629 17.547
1.40346 17.592
1.44649 17.642
1.49037 17.688
1.51975 17.732
1.55466 17.78
1.54622 17.823
1.52906 17.868
1.50325 17.916
1.48849 17.962
1.47917 18.008
1.4693 18.054
1.46426 18.096
1.46308 18.141
1.46201 18.186
2.02774 18.232
1.72574 18.281
1.2863 18.326
0.932369 18.371
0.703793 18.416
0.617842 18.462
0.611394 18.506
0.635933 18.55
0.658335 18.596
0.701852 18.641
0.736018 18.685
0.766805 18.731
0.80555 18.778
0.847099 18.819
0.867212 18.863
0.900687 18.909
0.936384 18.953
0.967712 18.996
1.00087 19.039
1.03294 19.084
1.06172 19.129
1.08999 19.173
1.12756 19.219
1.16706 19.267
1.20917 19.31
1.24341 19.356
1.27986 19.402
1.31526 19.446
1.3473 19.493
1.38323 19.538
1.42016 19.585
1.4541 19.63
1.48281 19.674
1.51978 19.718
1.53333 19.767
1.51414 19.811
1.4888 19.854
1.47102 19.901
1.45982 19.947
1.45481 19.995
1.45611 20.042
1.45516 20.087
1.89703 20.133
1.67149 20.176
1.42498 20.222
1.09686 20.269
0.816614 20.31
0.628899 20.357
0.581403 20.404
0.595929 20.452
0.631578 20.5
0.677346 20.544
0.707701 20.591
0.744365 20.635
0.776439 20.678
0.808848 20.727
0.844488 20.773
0.877776 20.819
0.911904 20.861
0.94921 20.907
0.994484 20.95
1.02268 20.995
1.04981 21.037
1.07314 21.08
1.09669 21.129
1.1409 21.175
1.17898 21.223
1.219 21.267
1.25276 21.31
1.27726 21.355
1.30032 21.401
1.32725 21.448
1.36492 21.49
1.39736 21.536
1.43413 21.58
1.47004 21.625
1.50976 21.672
1.54825 21.719
1.54081 21.761
1.49675 21.806
1.48879 21.852
1.47536 21.898
1.46216 21.942
1.45534 21.986
1.4503 22.03
1.44846 22.077
1.44632 22.121
1.98462 22.164
1.69703 22.21
1.28338 22.256
0.951372 22.303
0.724527 22.348
0.651093 22.394
0.641711 22.441
0.663688 22.484
0.69301 22.533
0.725838 22.574
0.762086 22.619
0.801376 22.666
0.847855 22.708
0.878011 22.753
0.918797 22.799
0.945294 22.849
0.988095 22.89
1.02402 22.937
1.06375 22.981
1.09649 23.029
1.14106 23.072
1.17293 23.117
1.20917 23.163
1.23919 23.209
1.26964 23.253
1.30085 23.301
1.34319 23.35
1.38922 23.36
1.37493 23.371
1.34337 23.381
1.31314 23.391
1.2943 23.401
1.28503 23.414
1.28821 23.424
1.30345 23.435
1.2959 23.445
1.27954 23.456
1.25806 23.468
1.23218 23.481
1.20316 23.493
1.17062 23.505
1.14058 23.518
1.53542 23.528
1.27103 23.54
0.909423 23.552
0.613666 23.562
0.40681 23.572
0.271644 23.583
0.187191 23.593
0.13903 23.604
0.110982 23.616
0.0947575 23.627
0.0852456 23.637
0.0823062 23.649
0.0805614 23.662
0.0847348 23.673
0.0843445 23.685
0.0874108 23.697
0.0868247 23.709
0.091472 23.719
0.0927658 23.732
0.0931478 23.743
0.0926915 23.755
0.0896545 23.767
0.0902316 23.779
0.084818 23.792
0.0818079 23.803
0.0846034 23.814
0.082202 23.825
0.0828011 23.836
0.0840006 23.849
0.0800503 23.86
0.0780002 23.87
0.0757626 23.88
0.0765126 23.893
0.0735719 23.903
0.0721938 23.922
0.074643 23.932
0.0715484 23.944
0.0801607 23.958
0.0900236 23.969
0.0847902 23.982
0.0820343 23.994
0.0783367 24.007
0.0753282 24.017
0.073244 24.029
0.074332 24.039
0.077021 24.05
0.078438 24.063
0.0854328 24.073
0.0903233 24.086
0.0927151 24.096
0.0893308 24.107
0.086402 24.118
0.0853327 24.131
0.0833505 24.141
0.0822673 24.152
0.0823376 24.164
0.0815668 24.176
0.0850844 24.187
0.0828917 24.197
0.0842711 24.21
0.0885482 24.22
0.0872304 24.233
0.0875934 24.246
0.0960357 24.256
0.0923874 24.269
0.0978785 24.279
0.0948469 24.29
0.0941272 24.301
0.0919155 24.313
0.0908837 24.324
0.0894048 24.335
0.0869339 24.348
0.0898512 24.36
0.0899835 24.371
0.0877128 24.384
0.0859959 24.396
0.0931782 24.407
0.0984292 24.417
0.102635 24.43
0.101777 24.442
0.0998687 24.455
0.0986944 24.465
0.101477 24.477
0.101054 24.488
0.0979343 24.501
0.0879209 24.512
0.0816873 24.523
0.0747071 24.534
0.0742853 24.546
0.0693585 24.558
0.0665372 24.57
0.0646975 24.58
0.0628132 24.592
0.0613889 24.604
0.0609355 24.617
0.0603472 24.63
0.0613633 24.641
0.0627765 24.654
0.0656857 24.666
0.0687416 24.677
0.0676714 24.688
0.066486 24.701
0.0634179 24.713
0.0662963 24.724
0.0646919 24.734
0.0640741 24.747
0.064173 24.759
0.0696544 24.772
0.0716112 24.785
0.0709476 24.797
0.0686528 24.808
0.0679159 24.821
0.0689132 24.834
0.067729 24.847
0.0727283 24.859
0.0792961 24.871
0.081114 24.882
0.078074 24.892
0.0770455 24.904
0.073527 24.917
0.0777657 24.93
0.0783839 24.941
0.0696925 24.952
0.0635965 24.962
0.0586731 24.973
0.056024 24.986
0.0591057 24.999
0.0680997 25.01
0.0673233 25.023
0.0657749 25.035
0.0656941 25.046
0.0595004 25.056
0.0568268 25.069
0.0564518 25.079
0.054495 25.091
0.0583629 25.104
0.0642392 25.117
0.0716484 25.128
0.0728386 25.14
0.0724265 25.152
0.0689597 25.164
0.070603 25.176
0.0708631 25.187
0.0629624 25.2
0.0559658 25.211
0.0522252 25.224
0.0577337 25.236
0.0654275 25.249
0.066994 25.26
0.0636069 25.273
0.0594985 25.283
0.0596517 25.295
0.0583746 25.307
0.0569129 25.319
0.0570693 25.332
0.055591 25.342
0.0555737 25.355
0.052926 25.367
0.0510325 25.38
0.043801 25.39
0.0392929 25.403
0.0402003 25.415
0.037877 25.426
0.038077 25.437
0.0374693 25.45
0.03895 25.46
0.0378327 25.473
0.0368452 25.486
0.0357082 25.497
0.0382469 25.509
0.0388198 25.522
0.0435081 25.533
0.0415532 25.545
0.0396761 25.557
0.0388883 25.57
0.040669 25.581
0.047697 25.593
0.0495297 25.606
0.0456742 25.617
0.0437918 25.629
0.0436233 25.642
0.0421753 25.655
0.0416558 25.667
0.048112 25.678
0.045448 25.69
0.05267 25.703
0.049612 25.716
0.0469175 25.728
0.0497645 25.741
0.0510351 25.754
0.048844 25.766
0.0535852 25.779
0.0613742 25.792
0.0617279 25.805
0.0590936 25.818
0.055932 25.829
0.0562734 25.842
0.056733 25.853
0.0556646 25.866
0.0604814 25.879
0.0620652 25.891
0.0596949 25.904
0.0590163 25.916
0.0576737 25.929
0.0565041 25.941
0.0564184 25.951
0.0590424 25.962
0.0591878 25.975
0.0706772 25.987
0.0706303 26
0.074961 26.011
0.0706576 26.022
0.0682402 26.033
0.0699144 26.043
0.0698543 26.053
0.0696257 26.066
0.0654122 26.079
0.0577557 26.091
0.056853 26.104
0.0619141 26.116
0.0639508 26.129
0.0592285 26.142
0.0552408 26.153
0.0576837 26.164
0.0548735 26.176
0.0507026 26.187
0.0507342 26.197
0.0455585 26.209
0.0426835 26.222
0.0452939 26.233
0.052373 26.243
0.0555495 26.256
0.0559563 26.266
0.0543189 26.277
0.0517391 26.287
0.0563297 26.298
0.0569348 26.309
0.0528523 26.322
0.0509837 26.335
0.0522706 26.348
0.0545247 26.36
0.055457 26.37
0.0533812 26.38
0.0540169 26.391
0.0534216 26.402
0.0501674 26.412
0.049312 26.423
0.0447701 26.435
0.0434421 26.446
0.0397496 26.459
0.0368891 26.471
0.0314517 26.482
0.0284794 26.494
0.0266129 26.506
0.0251199 26.519
0.0284032 26.531
0.0296233 26.544
0.0288508 26.557
0.0276558 26.569
0.0381931 26.581
0.0345292 26.594
0.0349809 26.606
0.0338486 26.619
0.0356034 26.629
0.0381412 26.642
0.0392404 26.652
0.0444551 26.663
0.042895 26.676
0.0411138 26.687
0.04164 26.697
0.0403616 26.71
0.0362016 26.723
0.0355904 26.735
0.03879 26.747
0.0428924 26.76
0.0394449 26.772
0.0404718 26.785
0.0413606 26.795
0.0452426 26.806
0.0481525 26.818
0.0445918 26.83
0.0458037 26.843
0.046398 26.854
0.0437009 26.865
0.0435995 26.878
0.0454252 26.889
0.0492754 26.901
0.0549191 26.914
0.0503188 26.925
0.0490891 26.937
0.0467594 26.95
0.0490223 26.961
0.0515824 26.972
0.0585769 26.983
0.0548956 26.995
0.0551442 27.005
0.0542239 27.017
0.0512861 27.029
0.050306 27.042
0.0519845 27.054
0.048658 27.064
0.0454119 27.075
0.0432474 27.086
0.0413944 27.098
0.0408118 27.11
0.0379632 27.123
0.0425103 27.134
0.0427695 27.144
0.0418919 27.156
0.0439495 27.166
0.043223 27.178
0.0424856 27.19
0.0415557 27.201
0.0406214 27.213
0.0411389 27.226
0.0479836 27.237
0.0499489 27.25
0.060953 27.263
0.0584657 27.276
0.0557275 27.286
0.0581111 27.299
0.0556819 27.312
0.0559041 27.325
0.0634205 27.337
0.0646944 27.35
0.0673393 27.362
0.0719157 27.375
0.0660848 27.387
0.0633559 27.4
0.0618347 27.41
0.063089 27.421
0.0671303 27.431
0.0665222 27.443
0.0662826 27.456
0.0643806 27.467
0.0615599 27.479
0.0654648 27.489
0.0623248 27.502
0.0589586 27.513
0.0541274 27.525
0.0514897 27.537
0.0524578 27.548
0.0498724 27.56
0.0521144 27.571
0.0548963 27.582
0.0531177 27.594
0.0527241 27.607
0.0530294 27.619
0.051681 27.63
0.0537574 27.643
0.0565871 27.654
0.0653978 27.665
0.069001 27.678
0.0739015 27.688
0.0714013 27.701
0.0749259 27.714
0.0740756 27.725
0.0768441 27.737
0.0730752 27.75
0.071961 27.762
0.0764422 27.775
0.072702 27.787
0.0670914 27.8
0.0629159 27.813
0.0640228 27.825
0.0732939 27.835
0.0705382 27.848
0.0665735 27.861
0.0641889 27.872
0.0637956 27.884
0.0624983 27.897
0.0646989 27.909
0.0656246 27.92
0.0631999 27.932
0.0615437 27.945
0.0584938 27.958
0.0663859 27.969
0.0655125 27.98
0.063916 27.99
0.0628781 28.001
0.061729 28.014
0.0622595 28.025
0.0618272 28.037
0.0620649 28.048
0.0638581 28.058
0.0655918 28.069
0.0611273 28.081
0.0547294 28.094
0.0499475 28.105
0.0475152 28.116
0.0430283 28.129
0.0463788 28.14
0.0476217 28.152
0.0473447 28.164
0.0444393 28.177
0.0478362 28.187
0.0487264 28.198
0.0520173 28.211
0.0573357 28.223
0.0613314 28.234
0.0565839 28.247
0.0573328 28.259
0.0606869 28.27
0.0586037 28.282
0.0569319 28.293
0.064781 28.303
0.067048 28.315
0.0646028 28.327
0.063262 28.339
0.0634007 28.352
0.0625852 28.365
0.064735 28.377
0.0765887 28.389
0.076405 28.4
0.0745078 28.413
0.0741565 28.425
0.0730296 28.436
0.0720391 28.449
0.0752574 28.461
0.0752476 28.474
0.0733144 28.484
0.0795619 28.495
0.0787333 28.506
0.0771405 28.516
0.0782071 28.529
0.075922 28.542
0.0768702 28.554
0.0741397 28.564
0.0701722 28.575
0.0671372 28.587
0.0640942 28.599
0.0610343 28.611
0.0607608 28.624
0.0630022 28.635
0.062812 28.648
0.0635614 28.661
0.0661085 28.673
0.0719681 28.685
0.072191 28.697
0.070742 28.71
0.0765477 28.721
0.0746855 28.733
0.0712986 28.744
0.0681272 28.754
0.0660525 28.767
0.0657818 28.778
0.0675187 28.79
0.0728232 28.8
0.0686297 28.813
0.0752058 28.825
0.0726574 28.836
0.0758015 28.849
0.0766371 28.862
0.0784367 28.874
0.0749093 28.886
0.0740501 28.899
0.0720728 28.912
0.0715603 28.924
0.0737921 28.936
0.070652 28.949
0.068698 28.961
0.073535 28.974
0.0753605 28.986
0.0732268 28.999
0.0733401 29.012
0.0730334 29.024
0.070085 29.036
0.0728267 29.047
0.0702713 29.06
0.0699567 29.07
0.0693889 29.083
0.0733997 29.095
0.0720972 29.107
0.0753499 29.12
0.0768256 29.132
0.0747381 29.145
0.0747064 29.155
0.0734345 29.167
0.0755079 29.18
0.0753993 29.193
0.0837723 29.204
0.0801725 29.217
0.0827294 29.228
0.0884363 29.239
0.0900039 29.252
0.0963949 29.263
0.106644 29.276
0.120045 29.287
0.116634 29.3
0.110873 29.312
0.106659 29.323
0.108718 29.334
0.105665 29.347
0.10668 29.36
0.107763 29.372
0.117844 29.384
0.121903 29.395
0.120942 29.406
0.116976 29.418
0.118735 29.431
0.124242 29.444
0.134808 29.456
0.132247 29.468
0.131045 29.481
0.133734 29.494
0.129972 29.505
0.128433 29.518
0.12719 29.53
0.126332 29.543
0.129284 29.554
0.128701 29.566
0.12363 29.579
0.123675 29.589
0.122908 29.6
0.122489 29.613
0.120512 29.625
0.117622 29.637
0.117494 29.65
0.116839 29.661
0.116215 29.672
0.11846 29.685
0.118304 29.698
0.124689 29.708
0.124863 29.719
0.123441 29.732
0.130975 29.745
0.134365 29.756
0.133371 29.766
0.13303 29.778
0.131843 29.788
0.131507 29.799
0.130711 29.81
0.130834 29.821
0.127906 29.834
0.133208 29.847
0.132482 29.857
0.130552 29.87
0.12762 29.883
0.128482 29.895
0.135077 29.907
0.130707 29.919
0.129269 29.929
0.128593 29.94
0.126775 29.953
0.126627 29.965
0.125183 29.978
0.124657 29.99
0.129611 30.002
0.129697 30.015
0.131544 30.028
0.13687 30.04
0.136734 30.053
0.141266 30.064
0.140833 30.077
0.139266 30.087
0.137458 30.099
0.136067 30.109
0.136365 30.12
0.135098 30.132
0.134257 30.142
0.134274 30.155
0.13971 30.169
0.141642 30.182
0.149964 30.194
0.148804 30.205
0.146491 30.218
0.142951 30.23
0.144078 30.242
0.14659 30.253
0.146321 30.265
0.146923 30.277
0.147843 30.288
0.148862 30.299
0.147461 30.31
0.150745 30.32
0.14713 30.333
0.150186 30.345
0.145533 30.355
0.144047 30.368
0.144413 30.381
0.157402 30.391
0.163548 30.404
0.171698 30.417
0.173811 30.428
0.168424 30.439
0.162972 30.451
0.160616 30.463
0.162993 30.476
0.162339 30.487
0.163248 30.5
0.159085 30.511
0.159773 30.521
0.159271 30.534
0.159078 30.546
0.154568 30.556
0.152298 30.568
0.152656 30.581
0.162832 30.591
0.164168 30.604
0.161708 30.614
0.159916 30.625
0.158739 30.637
0.15626 30.65
0.154435 30.662
0.15587 30.675
0.154109 30.687
0.155891 30.697
0.153364 30.707
0.150641 30.719
0.150091 30.732
0.149931 30.744
0.157658 30.756
0.159425 30.768
0.155914 30.779
0.153808 30.789
0.155229 30.802
0.157277 30.812
0.154969 30.825
0.153069 30.837
0.152327 30.848
0.15231 30.858
0.154978 30.87
0.15015 30.883
0.146744 30.893
0.147288 30.905
0.145602 30.918
0.142572 30.928
0.140922 30.939
0.144529 30.952
0.14323 30.963
0.142348 30.976
0.141541 30.987
0.142704 31
0.138885 31.01
0.140426 31.02
0.138705 31.032
0.134106 31.044
0.13468 31.056
0.138404 31.068
0.147234 31.081
0.147633 31.092
0.143308 31.105
0.14165 31.115
0.140573 31.128
0.139411 31.139
0.137017 31.152
0.134603 31.164
0.134848 31.177
0.134401 31.189
0.133439 31.202
0.132588 31.214
0.14211 31.225
0.144963 31.236
0.142685 31.249
0.140741 31.26
0.139171 31.272
0.139935 31.282
0.139392 31.293
0.137734 31.304
0.145386 31.315
0.145952 31.325
0.143346 31.337
0.141488 31.35
0.144651 31.362
0.156529 31.373
0.160617 31.385
0.156234 31.395
0.153404 31.407
0.157559 31.418
0.154851 31.431
0.153711 31.442
0.153499 31.454
0.149321 31.467
0.152375 31.478
0.157544 31.49
0.161451 31.5
0.157315 31.51
0.159202 31.521
0.155829 31.534
0.1643 31.546
0.168093 31.557
0.176268 31.568
0.178995 31.58
0.174317 31.592
0.174068 31.603
0.167489 31.613
0.164267 31.626
0.168145 31.634
0.166817 31.645
0.164281 31.657
0.162826 31.67
0.16407 31.681
0.161207 31.694
0.158689 31.704
0.158802 31.715
0.157672 31.726
0.1627 31.739
0.161668 31.75
0.162243 31.762
0.159576 31.773
0.154765 31.783
0.152871 31.793
0.15293 31.806
0.149462 31.817
0.14523 31.827
0.141364 31.837
0.149557 31.85
0.153216 31.862
0.150827 31.874
0.148773 31.887
0.148816 31.898
0.151123 31.909
0.155419 31.921
0.152388 31.934
0.152283 31.945
0.153597 31.958
0.150571 31.969
0.150649 31.981
0.148757 31.991
0.147844 32.001
0.145905 32.013
0.147694 32.025
0.144718 32.035
0.142794 32.046
0.144865 32.056
0.139666 32.067
0.1377 32.078
0.131783 32.089
0.126608 32.102
0.119663 32.115
0.113402 32.125
0.110166 32.136
0.107815 32.146
0.106524 32.158
0.10632 32.17
0.105381 32.18
0.106801 32.191
0.105956 32.202
0.109255 32.212
0.107517 32.224
0.106203 32.234
0.107879 32.245
0.104828 32.258
0.10347 32.271
0.113013 32.282
0.113367 32.293
0.109364 32.306
0.103522 32.319
0.100841 32.33
0.10671 32.342
0.1085 32.355
0.118073 32.367
0.128948 32.379
0.127179 32.391
0.125443 32.403
0.122545 32.414
0.120434 32.426
0.116136 32.437
0.115278 32.448
0.115534 32.459
0.118465 32.472
0.114331 32.485
0.107715 32.497
0.105083 32.508
0.104654 32.522
0.109633 32.535
0.11272 32.547
0.110158 32.558
0.107478 32.569
0.107939 32.58
0.10562 32.593
0.105385 32.606
0.11198 32.618
0.116884 32.628
0.113995 32.641
0.110024 32.652
0.109499 32.664
0.109993 32.677
0.110868 32.687
0.112498 32.698
0.110281 32.71
0.106407 32.723
0.10407 32.736
0.104219 32.747
0.103518 32.76
0.107055 32.772
0.105879 32.785
0.104116 32.797
0.10447 32.81
0.108441 32.822
0.108573 32.835
0.113713 32.847
0.12432 32.858
0.123392 32.869
0.121062 32.88
0.124964 32.892
0.125948 32.902
0.127707 32.913
0.123987 32.924
0.12506 32.937
0.122063 32.948
0.121548 32.961
0.122766 32.973
0.121137 32.983
0.125196 32.994
0.119661 33.007
0.112362 33.02
0.116915 33.03
0.111091 33.041
0.107612 33.051
0.107089 33.063
0.101153 33.076
0.101022 33.087
0.0965382 33.099
0.100283 33.111
0.106148 33.121
0.107577 33.132
0.10779 33.144
0.109396 33.155
0.108448 33.168
0.108599 33.178
0.109237 33.191
0.10765 33.203
0.106341 33.213
0.106428 33.225
0.107343 33.237
0.107736 33.247
0.10465 33.26
0.101934 33.271
0.101271 33.281
0.0997335 33.294
0.103318 33.305
0.106134 33.318
0.111555 33.328
0.110284 33.341
0.106645 33.353
0.105571 33.364
0.10966 33.375
0.106017 33.388
0.108352 33.399
0.109348 33.412
0.106838 33.425
0.112087 33.437
0.113877 33.452
0.122106 33.462
0.122386 33.473
0.118776 33.483
0.119847 33.495
0.117402 33.505
0.118462 33.518
0.121611 33.529
0.115246 33.542
0.112153 33.553
0.109341 33.563
0.107038 33.575
0.107203 33.587
0.103943 33.6
0.109301 33.613
0.117065 33.625
0.12024 33.637
0.124973 33.65
0.131414 33.663
0.13042 33.675
0.130817 33.687
0.130462 33.699
0.128758 33.71
0.126615 33.722
0.124926 33.734
0.125772 33.746
0.124541 33.757
0.122848 33.77
0.120212 33.782
0.124462 33.795
0.130659 33.806
0.129293 33.816
0.130629 33.829
0.135805 33.841
0.138648 33.854
0.136451 33.864
0.136039 33.877
0.129676 33.887
0.126917 33.898
0.126998 33.91
0.127729 33.921
0.12973 33.933
0.136548 33.946
0.142615 33.958
0.140478 33.971
0.136904 33.981
0.140784 33.994
0.134308 34.005
0.134612 34.016
0.128285 34.028
0.122882 34.038
0.118561 34.049
0.115471 34.062
0.11689 34.073
0.114023 34.086
0.10905 34.097
0.112506 34.108
0.115493 34.12
0.118367 34.131
0.118243 34.143
0.114092 34.156
0.118061 34.168
0.119038 34.18
0.119273 34.193
0.118013 34.205
0.122695 34.215
0.121003 34.228
0.119174 34.241
0.126673 34.254
0.13013 34.267
0.130711 34.279
0.133679 34.292
0.129751 34.302
0.13217 34.314
0.127482 34.325
0.12619 34.337
0.123819 34.347
0.119022 34.358
0.115567 34.368
0.117311 34.381
0.11242 34.393
0.111342 34.403
0.110987 34.415
0.107151 34.425
0.106905 34.437
0.101367 34.449
0.0973907 34.461
0.0965917 34.473
0.098494 34.484
0.102596 34.496
0.106973 34.507
0.105074 34.518
0.10333 34.53
0.105062 34.543
0.110729 34.555
0.110964 34.566
0.109782 34.576
0.108741 34.587
0.107546 34.599
0.10536 34.61
0.104724 34.622
0.11034 34.632
0.115409 34.645
0.121324 34.658
0.122472 34.668
0.123891 34.681
0.122523 34.693
0.1238 34.706
0.122919 34.716
0.1207 34.727
0.11947 34.739
0.124295 34.751
0.121678 34.764
0.119574 34.776
0.120154 34.786
0.117261 34.799
0.124472 34.81
0.121907 34.82
0.119868 34.833
0.118141 34.846
0.122217 34.856
0.119785 34.867
0.119481 34.88
0.119285 34.892
0.11912 34.904
0.124299 34.917
0.133519 34.927
0.136944 34.938
0.13138 34.95
0.130236 34.96
0.128891 34.973
0.136832 34.983
0.140609 34.996
0.142901 35.007
0.141152 35.018
0.140927 35.032
0.133538 35.044
0.132732 35.055
0.129347 35.066
0.129183 35.079
0.127837 35.091
0.125291 35.102
0.124209 35.115
0.122573 35.128
0.122552 35.141
0.125159 35.153
0.128271 35.166
0.128231 35.178
0.126818 35.191
0.130308 35.204
0.134853 35.216
0.132577 35.229
0.130114 35.24
0.128719 35.252
0.127191 35.265
0.13418 35.276
0.137882 35.286
0.137337 35.296
0.134367 35.307
0.134084 35.318
0.132493 35.331
0.131972 35.343
0.132348 35.356
0.131993 35.367
0.135156 35.378
0.134658 35.39
0.131869 35.401
0.131914 35.412
0.130467 35.422
0.135489 35.434
0.133117 35.446
0.131495 35.459
0.137529 35.469
0.138156 35.481
0.143273 35.493
0.144039 35.504
0.141221 35.514
0.139961 35.525
0.134406 35.537
0.126666 35.548
0.123314 35.561
0.121148 35.571
0.117069 35.584
0.114282 35.596
0.113267 35.607
0.116947 35.618
0.12013 35.631
0.118237 35.643
0.120032 35.654
0.117559 35.667
0.123008 35.679
0.12164 35.692
0.123002 35.704
0.126592 35.715
0.123092 35.726
0.127194 35.737
0.131671 35.748
0.127798 35.758
0.126631 35.769
0.126931 35.779
0.127023 35.792
0.123233 35.804
0.123727 35.816
0.125669 35.828
0.126487 35.838
0.123917 35.851
0.127622 35.861
0.130642 35.872
0.127405 35.884
0.128661 35.897
0.129809 35.908
0.129415 35.919
0.127713 35.929
0.127604 35.94
0.126178 35.952
0.125277 35.964
0.127545 35.975
0.135225 35.987
0.139089 36
0.138533 36.011
0.14001 36.022
0.137383 36.035
0.135503 36.046
0.135907 36.057
0.144531 36.069
0.145554 36.082
0.142633 36.092
0.141494 36.104
0.145908 36.114
0.142785 36.125
0.141727 36.137
0.140281 36.15
0.148682 36.162
0.158612 36.172
0.158941 36.185
0.156788 36.197
0.154235 36.209
0.154538 36.22
0.151479 36.233
0.150385 36.246
0.156015 36.256
0.157169 36.266
0.153504 36.277
0.153712 36.29
0.149376 36.3
0.149428 36.313
0.145344 36.325
0.143607 36.337
0.142836 36.347
0.143684 36.359
0.143209 36.37
0.145788 36.382
0.144736 36.394
0.141789 36.405
0.141184 36.416
0.137737 36.429
0.138546 36.439
0.134112 36.452
0.134386 36.464
0.132778 36.475
0.131931 36.487
0.130737 36.498
0.133754 36.51
0.13307 36.521
0.129131 36.531
0.123614 36.544
0.129033 36.555
0.126653 36.567
0.122395 36.58
0.123163 36.59
0.121599 36.601
0.122308 36.612
0.120408 36.624
0.118831 36.635
0.119979 36.646
0.116021 36.657
0.113245 36.669
0.117739 36.682
0.119428 36.694
0.117685 36.705
0.118578 36.716
0.115907 36.727
0.111262 36.737
0.109285 36.75
0.115566 36.761
0.121994 36.773
0.117141 36.786
0.121249 36.799
0.124785 36.81
0.119223 36.821
0.111777 36.834
0.109221 36.844
0.107027 36.855
0.107222 36.867
0.102465 36.878
0.0979095 36.888
0.0930433 36.901
0.0897274 36.912
0.0875108 36.925
0.087579 36.938
0.0869513 36.95
0.0848065 36.961
0.0824878 36.972
0.0817016 36.983
0.0848297 36.994
0.0811543 37.005
0.0781969 37.018
0.0825386 37.03
0.0794894 37.042
0.0806346 37.054
0.0777623 37.065
0.0768536 37.076
0.074913 37.088
0.0724496 37.099
0.0719714 37.11
0.070359 37.121
0.0686161 37.134
0.0700897 37.146
0.0769357 37.158
0.0831633 37.17
0.0781794 37.181
0.0828885 37.192
0.0787948 37.205
0.0822221 37.215
0.0826987 37.225
0.0798055 37.238
0.0771747 37.251
0.0784514 37.261
0.0770437 37.272
0.0759308 37.283
0.0759199 37.293
0.0734372 37.306
0.0752072 37.319
0.0773479 37.331
0.0720461 37.341
0.0669591 37.354
0.0609476 37.367
0.0557078 37.379
0.0594869 37.39
0.06806 37.403
0.0816882 37.415
0.0804232 37.425
0.0744221 37.438
0.0693162 37.45
0.0669607 37.461
0.0666317 37.473
0.0661415 37.484
0.0631579 37.496
0.0612854 37.509
0.0607895 37.52
0.0677181 37.533
0.0685208 37.546
0.0765912 37.556
0.081461 37.567
0.0775632 37.58
0.082448 37.591
0.0788908 37.603
0.0780288 37.615
0.0755561 37.626
0.0765072 37.637
0.0738682 37.649
0.0752414 37.662
0.0777743 37.673
0.078964 37.685
0.0776936 37.696
0.0772026 37.709
0.0752792 37.72
0.0742286 37.733
0.0704088 37.743
0.0693516 37.756
0.0682494 37.769
0.0661615 37.782
0.0755624 37.794
0.0747904 37.805
0.0726498 37.815
0.0704522 37.827
0.0662898 37.837
0.0629267 37.85
0.0621043 37.86
0.0591226 37.872
0.0550965 37.884
0.0498159 37.897
0.0477917 37.907
0.043954 37.919
0.045006 37.932
0.0445175 37.943
0.0452515 37.956
0.0433721 37.968
0.0418092 37.981
0.043843 37.991
0.0429523 38.002
0.0412415 38.014
0.0452381 38.024
0.0438104 38.037
0.0397509 38.05
0.0462026 38.06
0.0435149 38.073
0.0507142 38.086
0.0510855 38.099
0.0474286 38.109
0.0459072 38.12
0.04505 38.132
0.0482268 38.143
0.0467143 38.156
0.0470567 38.169
0.0476786 38.179
0.0457642 38.192
0.0509196 38.205
0.0512286 38.215
0.0499799 38.228
0.0540572 38.238
0.050745 38.249
0.0497307 38.26
0.0475444 38.272
0.0536827 38.284
0.0557966 38.296
0.0611259 38.308
0.0576991 38.318
0.0549177 38.331
0.0529929 38.342
0.0527294 38.355
0.0567312 38.366
0.0600488 38.377
0.064366 38.387
0.0611038 38.4
0.0598415 38.412
0.0593156 38.424
0.0601052 38.435
0.0577763 38.446
0.055 38.456
0.0525559 38.469
0.055 38.481
0.057361 38.492
0.061111 38.505
0.0590208 38.516
0.0592778 38.527
0.0562726 38.54
0.0542031 38.553
0.0523181 38.565
0.0522674 38.577
0.0544378 38.588
0.0523168 38.6
0.0539574 38.611
0.0516282 38.624
0.0488888 38.637
0.046657 38.647
0.0467222 38.659
0.0454143 38.67
0.0459837 38.683
0.0448536 38.694
0.0441076 38.705
0.0494634 38.718
0.0516865 38.728
0.0498658 38.74
0.0486942 38.753
0.0484665 38.765
0.0476736 38.777
0.0511166 38.788
0.0511982 38.8
0.0502792 38.812
0.0540496 38.822
0.0554798 38.835
0.0562174 38.847
0.0583474 38.86
0.0562931 38.873
0.0579562 38.885
0.060633 38.897
0.0582391 38.908
0.0609082 38.92
0.0638485 38.931
0.0612271 38.943
0.0602649 38.954
0.0625568 38.965
0.0615662 38.976
0.060677 38.988
0.0648916 38.998
0.0679723 39.011
0.0719994 39.021
0.0694931 39.034
0.0674998 39.045
0.0681233 39.057
0.064875 39.069
0.0635308 39.08
0.0619687 39.091
0.0611327 39.104
0.0627422 39.114
0.0612832 39.126
0.0635976 39.138
0.0610268 39.15
0.0601494 39.161
0.0586427 39.173
0.0633553 39.186
0.0709447 39.197
0.0658388 39.21
0.0631027 39.221
0.061643 39.232
0.0608673 39.245
0.0664107 39.257
0.0656939 39.269
0.0648412 39.282
0.0641735 39.295
0.0654632 39.306
0.0639198 39.316
0.061554 39.327
0.0603241 39.338
0.0611856 39.348
0.0596045 39.361
0.0590582 39.372
0.060157 39.384
0.0593925 39.395
0.0563532 39.407
0.0545981 39.418
0.0640098 39.429
0.0621103 39.439
0.0592525 39.451
0.0612249 39.462
0.0646618 39.474
0.0596056 39.487
0.0511901 39.497
0.0480387 39.51
0.0432412 39.52
0.0417315 39.531
0.0366712 39.544
0.0334883 39.555
0.0320705 39.568
0.0321984 39.579
0.0327676 39.59
0.034968 39.601
0.0375261 39.611
0.0385341 39.623
0.0361526 39.636
0.0377691 39.646
0.0372881 39.657
0.0365959 39.67
0.0350238 39.682
0.0368749 39.694
0.0341189 39.705
0.0304002 39.715
0.0268705 39.728
0.0241 39.738
0.0257176 39.749
0.0194426 39.762
0.0251794 39.773
0.0293188 39.786
0.0312739 39.797
0.0260797 39.808
0.0237612 39.819
0.0237699 39.829
0.0230796 39.84
0.0223871 39.85
0.0218672 39.863
0.0260204 39.875
0.0280536 39.888
0.0367985 39.898
0.0330351 39.911
0.0323355 39.923
0.0343267 39.935
0.0324928 39.946
0.0329112 39.957
0.0338732 39.97
0.0331454 39.983
0.0296771 39.995
0.0283908 40.007
0.0306693 40.018
0.0300977 40.028
0.0329304 40.041
0.0296559 40.052
0.0239234 40.063
0.029914 40.076
0.0266831 40.087
0.0244547 40.099
0.0260339 40.111
0.0253637 40.124
0.0297585 40.134
0.0326675 40.147
0.0379779 40.16
0.037561 40.173
0.0523166 40.186
0.0489263 40.196
0.0485972 40.209
0.0511156 40.219
0.0499663 40.229
0.0466874 40.242
0.0494458 40.252
0.0491719 40.264
0.0463104 40.277
0.0472674 40.289
0.0449398 40.301
0.042623 40.314
0.042388 40.324
0.0382323 40.337
0.034597 40.35
0.0328081 40.36
0.0301588 40.373
0.029952 40.385
0.0300397 40.398
0.035238 40.409
0.0322599 40.422
0.0313095 40.432
0.031815 40.444
0.0340774 40.457
0.0366236 40.467
0.0421043 40.48
0.0479484 40.493
0.0425261 40.504
0.042039 40.515
0.0406575 40.527
0.0391477 40.538
0.0384833 40.55
0.0349464 40.561
0.0325756 40.574
0.024089 40.585
0.0171951 40.598
0.0135222 40.609
0.0144735 40.622
0.0131306 40.632
0.0145122 40.645
0.0127296 40.658
0.0081015 40.676
0.00591912 40.696
0.00414374 40.711
0.00291396 40.731
0.00212803 40.743
0.00214954 40.757
0.00203201 40.768
0.00178738 40.782
0.00127938 40.799
0.00194685 40.814
0.001877 40.829
0.00173671 40.842
0.00796925 40.853
0.0117851 40.866
0.0205428 40.876
0.0156963 40.888
0.0178857 40.899
0.0244616 40.912
0.0302402 40.922
0.0323748 40.934
0.0395647 40.947
0.041721 40.959
0.0410799 40.969
0.0446496 40.982
0.0508796 40.995
0.0544672 41.006
0.0572473 41.017
0.0523805 41.03
0.0485618 41.041
0.0504667 41.052
0.0478262 41.065
0.0439596 41.076
0.041753 41.087
0.0417399 41.1
0.0391883 41.112
0.0390033 41.125
0.0372062 41.137
0.0382508 41.15
0.0421993 41.161
0.0405627 41.173
0.0377629 41.185
0.0386407 41.197
0.0427 41.21
0.0412898 41.22
0.043675 41.233
0.0395724 41.245
0.0386537 41.258
0.0381431 41.268
0.0367297 41.281
0.0346939 41.292
0.0350115 41.303
0.0326735 41.316
0.0356706 41.326
0.0340022 41.337
0.0336677 41.35
0.0370006 41.361
0.0398336 41.374
0.0380001 41.387
0.0375417 41.4
0.038 41.41
0.0441146 41.42
0.03975 41.433
0.0377214 41.444
0.0372839 41.457
0.0353535 41.467
0.0310325 41.477
0.0298384 41.488
0.0290081 41.5
0.0287985 41.511
0.027502 41.523
0.0269496 41.534
0.0288241 41.546
0.0283367 41.559
0.0228807 41.57
0.0205842 41.581
0.0194702 41.591
0.022396 41.603
0.0237785 41.615
0.022099 41.628
0.0224044 41.638
0.0216296 41.651
0.0266011 41.663
0.0231574 41.675
0.0261503 41.687
0.0251109 41.7
0.0323234 41.711
0.0337956 41.722
0.0367148 41.735
0.0445159 41.745
0.0380872 41.756
0.035879 41.767
0.0343572 41.779
0.0329697 41.79
0.0391304 41.802
0.042388 41.813
0.0461054 41.825
0.041847 41.837
0.0452763 41.847
0.0424617 41.857
0.0416427 41.869
0.0417772 41.879
0.0388666 41.891
0.0366943 41.902
0.0362277 41.912
0.0336736 41.924
0.0353069 41.936
0.0456385 41.948
0.0498118 41.961
0.0534022 41.974
0.0566992 41.985
0.0523487 41.996
0.0491748 42.006
0.0483372 42.019
0.0520435 42.029
0.0498343 42.039
0.0490734 42.051
0.0499586 42.062
0.0502684 42.074
0.0529896 42.086
0.0541726 42.098
0.0549251 42.109
0.055632 42.119
0.0537313 42.131
0.055908 42.141
0.0542252 42.152
0.0577482 42.162
0.0573063 42.173
0.0558693 42.185
0.0542927 42.195
0.0544673 42.207
0.0596441 42.219
0.0627773 42.232
0.0651163 42.242
0.0629443 42.254
0.0590291 42.264
0.058543 42.275
0.0572573 42.287
0.0573857 42.3
0.0630714 42.31
0.0628464 42.322
0.0623286 42.333
0.058367 42.344
0.0577848 42.355
0.0543417 42.365
0.0541962 42.376
0.0503608 42.387
0.0485617 42.399
0.0515902 42.41
0.0604498 42.422
0.0670522 42.433
0.0621124 42.444
0.0610994 42.455
0.0583213 42.466
0.0525464 42.476
0.0509661 42.488
0.0488295 42.5
0.0487415 42.51
0.0469574 42.521
0.047772 42.533
0.0427826 42.543
0.0410897 42.555
0.0444457 42.568
0.0464232 42.579
0.0495618 42.591
0.057456 42.602
0.0570656 42.612
0.0532016 42.623
0.0520164 42.634
0.049216 42.65
0.0462119 42.66
0.0466579 42.672
0.0448549 42.685
0.0484145 42.696
0.0482137 42.707
0.0466036 42.718
0.0448034 42.73
0.0429025 42.741
0.0417017 42.754
0.040976 42.766
0.0393006 42.778
0.040994 42.789
0.0459189 42.799
0.0454204 42.811
0.0436906 42.823
0.0450856 42.835
0.0519129 42.846
0.0536415 42.856
0.0569133 42.867
0.0545029 42.88
0.0555246 42.893
0.0576489 42.905
0.0556311 42.918
0.0541622 42.928
0.0536578 42.94
0.0526172 42.95
0.0509528 42.961
0.0544043 42.973
0.0664161 42.984
0.070565 42.996
0.072211 43.006
0.0733197 43.019
0.0683028 43.03
0.0669728 43.04
0.0646471 43.051
0.0641539 43.061
0.0619921 43.073
0.0619537 43.085
0.0584556 43.095
0.0569672 43.106
0.0566033 43.117
0.0571115 43.128
0.0554008 43.14
0.058373 43.151
0.0610227 43.162
0.0619295 43.174
0.0699238 43.185
0.0687324 43.198
0.064731 43.209
0.0647979 43.222
0.0629327 43.234
0.0596995 43.245
0.0639663 43.255
0.0670414 43.266
0.0649916 43.276
0.0649812 43.287
0.0632333 43.298
0.060238 43.308
0.0551797 43.319
0.0558702 43.336
0.0587949 43.352
0.0575774 43.363
0.0539487 43.375
0.0563044 43.387
0.0548172 43.397
0.0517411 43.41
0.0450368 43.422
0.0401015 43.432
0.0390092 43.445
0.0375254 43.456
0.0370231 43.467
0.0408813 43.477
0.0441256 43.49
0.0439052 43.5
0.0415314 43.511
0.0432263 43.523
0.0460935 43.534
0.0535369 43.546
0.0540135 43.557
0.0541293 43.567
0.0512534 43.578
0.051471 43.588
0.0484077 43.601
0.0472899 43.611
0.046188 43.623
0.0483655 43.634
0.049047 43.646
0.0509556 43.657
0.0492617 43.667
0.0494889 43.68
0.0499235 43.692
0.0565512 43.702
0.0568204 43.713
0.0539326 43.725
