0 0 0
0 0 3.563
0 0 3.581
0 0 3.592
0 0 3.603
0 0 3.616
0 0 3.629
0 0 3.644
0 0 3.658
0 0 3.67
0 0 3.683
0 0 3.693
0 0 3.705
1 0 3.725
0 0 3.738
1 0 3.748
1 0 3.758
1 0 3.771
0 0 3.784
1 0 3.794
0 0 3.805
1 0 3.815
0 0 3.827
0 0 3.841
0 0 3.852
0 0 3.863
0 0 3.885
0 0 3.897
1 0 3.909
1 0 3.921
2 0 3.934
2 0 3.946
2 0 3.959
2 0 3.972
3 0 3.982
3 0 3.993
3 0 4.004
4 0 4.014
3 0 4.026
3 0 4.037
3 0 4.049
3 0 4.061
4 0 4.073
4 0 4.086
4 0 4.097
4 0 4.11
4 0 4.123
5 0 4.135
5 0 4.145
5 0 4.158
5 0 4.17
5 0 4.181
5 0 4.193
5 0 4.204
4 0 4.215
4 0 4.228
4 0 4.238
5 0 4.25
5 0 4.261
5 0 4.274
5 0 4.286
6 0 4.296
5 0 4.309
6 0 4.322
5 0 4.335
5 0 4.345
5 0 4.358
5 0 4.371
5 0 4.382
5 0 4.394
4 0 4.405
4 0 4.416
4 0 4.427
4 0 4.437
4 2 4.448
4 1 4.448
4 2 4.459
4 3 4.472
4 4 4.485
5 4 4.496
6 5 4.508
5 5 4.52
6 7 4.531
7 6 4.543
6 7 4.554
7 8 4.565
7 9 4.577
8 8 4.588
8 10 4.6
9 10 4.612
9 12 4.625
10 12 4.636
10 13 4.648
10 13 4.66
10 15 4.673
11 15 4.685
11 16 4.695
11 17 4.708
11 18 4.72
12 18 4.732
12 18 4.744
12 19 4.755
12 20 4.768
13 20 4.779
13 20 4.792
13 20 4.804
13 20 4.816
14 20 4.827
14 20 4.839
14 20 4.85
14 20 4.861
15 20 4.873
15 20 4.885
15 20 4.896
15 20 4.908
16 19 4.921
16 19 4.932
16 19 4.945
15 19 4.955
17 18 4.965
17 18 4.976
16 18 4.987
16 18 4.998
17 17 5.01
17 17 5.023
17 17 5.035
17 17 5.045
18 16 5.055
18 16 5.066
18 16 5.078
18 16 5.091
19 15 5.102
19 15 5.114
18 15 5.124
18 15 5.137
19 14 5.148
19 14 5.161
19 14 5.172
19 14 5.183
19 13 5.195
19 13 5.205
19 13 5.217
19 13 5.23
20 12 5.243
20 12 5.255
20 12 5.265
20 12 5.276
21 11 5.286
21 11 5.296
20 11 5.306
21 11 5.317
21 10 5.328
21 10 5.339
21 10 5.349
21 10 5.362
22 10 5.372
22 10 5.382
22 10 5.394
21 10 5.405
23 9 5.415
22 9 5.426
22 9 5.439
22 9 5.451
22 8 5.464
23 8 5.474
23 8 5.484
22 8 5.495
23 7 5.507
23 7 5.517
23 7 5.529
23 7 5.541
24 6 5.551
24 6 5.564
24 6 5.576
24 6 5.589
25 5 5.6
25 5 5.613
25 5 5.625
25 5 5.637
26 5 5.65
27 5 5.662
27 5 5.674
28 5 5.687
29 5 5.698
29 5 5.711
29 5 5.724
29 5 5.734
29 5 5.746
29 5 5.759
29 5 5.77
28 5 5.782
30 5 5.795
29 5 5.805
29 5 5.815
29 5 5.828
30 5 5.84
31 5 5.85
30 5 5.86
31 5 5.872
32 5 5.883
32 5 5.896
31 5 5.907
31 5 5.919
32 5 5.931
32 5 5.942
32 5 5.953
32 5 5.964
32 5 5.976
31 5 5.988
31 5 5.998
32 5 6.009
32 5 6.021
32 5 6.033
32 5 6.046
32 5 6.057
32 5 6.069
32 5 6.079
32 5 6.091
32 5 6.102
32 5 6.114
32 5 6.124
32 5 6.134
32 5 6.146
32 5 6.159
32 5 6.169
32 5 6.181
32 5 6.194
32 5 6.204
32 5 6.217
32 5 6.229
32 5 6.239
32 5 6.25
32 5 6.261
32 5 6.274
32 5 6.284
32 5 6.296
32 5 6.309
32 5 6.319
32 5 6.332
32 5 6.343
32 5 6.355
32 5 6.365
32 5 6.378
32 5 6.389
32 5 6.399
32 5 6.41
32 5 6.422
32 5 6.434
32 5 6.446
32 5 6.457
32 5 6.467
32 5 6.48
32 5 6.491
32 5 6.502
31 5 6.514
32 5 6.526
32 5 6.536
32 5 6.548
32 5 6.56
32 5 6.572
32 5 6.584
32 5 6.596
32 5 6.607
32 5 6.618
32 5 6.629
31 5 6.64
31 5 6.652
32 5 6.664
32 5 6.676
31 5 6.689
32 5 6.699
32 5 6.709
32 6 6.72
31 7 6.732
31 7 6.743
32 7 6.754
32 8 6.766
32 9 6.779
32 10 6.789
32 10 6.8
32 11 6.813
32 12 6.825
32 14 6.836
32 14 6.849
32 15 6.862
32 16 6.875
32 16 6.886
32 16 6.896
32 17 6.907
32 18 6.917
31 19 6.928
32 19 6.941
31 19 6.953
32 21 6.963
31 22 6.975
32 22 6.986
32 22 6.998
32 23 7.011
32 24 7.021
32 24 7.032
32 25 7.045
32 26 7.055
32 27 7.067
32 27 7.078
32 28 7.088
32 29 7.1
32 30 7.111
32 30 7.121
31 31 7.134
31 32 7.147
30 32 7.157
31 32 7.167
31 32 7.18
31 32 7.193
30 32 7.204
31 32 7.217
31 32 7.228
31 32 7.24
31 32 7.252
32 32 7.262
31 32 7.272
31 32 7.282
32 32 7.293
32 32 7.304
32 32 7.314
32 32 7.325
32 32 7.337
32 32 7.35
32 32 7.363
32 32 7.375
32 32 7.387
32 31 7.397
32 31 7.407
31 31 7.419
31 31 7.43
32 30 7.442
32 30 7.454
32 30 7.467
32 30 7.479
32 29 7.491
32 29 7.502
32 29 7.512
32 29 7.524
32 28 7.535
32 28 7.546
32 28 7.559
32 28 7.57
32 27 7.581
32 27 7.591
32 27 7.602
32 27 7.614
32 26 7.627
31 26 7.637
31 26 7.649
32 26 7.662
32 25 7.673
32 25 7.685
32 25 7.696
32 25 7.706
32 24 7.719
32 24 7.729
32 24 7.74
32 24 7.753
32 23 7.765
32 23 7.776
32 23 7.786
31 23 7.798
32 22 7.811
32 22 7.822
31 22 7.834
30 22 7.845
31 22 7.855
31 22 7.868
30 22 7.88
30 22 7.893
30 21 7.905
30 21 7.918
30 21 7.93
29 21 7.943
30 20 7.954
30 20 7.967
30 20 7.977
30 20 7.988
32 19 8.001
32 19 8.012
32 19 8.022
31 19 8.035
32 18 8.045
32 18 8.055
32 18 8.068
32 18 8.079
32 17 8.092
32 17 8.103
31 17 8.113
32 17 8.123
32 16 8.134
32 16 8.147
32 16 8.157
31 16 8.168
32 15 8.18
32 15 8.19
32 15 8.2
32 15 8.21
32 14 8.223
32 14 8.233
32 14 8.243
32 14 8.255
32 13 8.267
32 13 8.28
32 13 8.291
32 13 8.303
32 12 8.315
32 12 8.327
32 12 8.338
32 12 8.351
32 11 8.362
32 11 8.373
32 11 8.385
32 11 8.395
32 10 8.405
32 10 8.416
32 10 8.426
32 10 8.437
32 9 8.45
32 9 8.46
32 9 8.471
32 9 8.481
32 8 8.491
32 8 8.504
32 8 8.516
32 8 8.529
32 7 8.541
32 7 8.553
32 7 8.564
32 7 8.574
32 6 8.584
31 6 8.594
31 6 8.604
31 6 8.615
32 5 8.626
32 5 8.638
31 5 8.648
31 5 8.659
32 5 8.669
32 5 8.68
32 5 8.693
31 5 8.704
32 5 8.717
32 5 8.728
32 5 8.738
32 5 8.749
32 5 8.761
32 5 8.773
32 5 8.786
31 5 8.798
32 5 8.811
32 5 8.824
32 5 8.834
32 5 8.846
32 5 8.858
31 5 8.869
32 5 8.879
31 5 8.89
32 5 8.902
32 5 8.915
32 5 8.925
32 5 8.938
32 5 8.95
32 5 8.963
32 5 8.974
32 5 8.985
32 5 8.997
32 5 9.008
32 5 9.019
31 5 9.031
32 5 9.043
32 5 9.053
32 5 9.065
32 5 9.075
32 5 9.088
32 5 9.1
32 5 9.11
32 5 9.123
32 5 9.134
32 5 9.147
32 5 9.158
32 5 9.169
32 5 9.181
32 5 9.191
32 5 9.202
31 5 9.215
32 5 9.225
32 5 9.237
32 5 9.25
32 5 9.262
32 5 9.274
32 5 9.287
32 5 9.298
32 5 9.31
32 5 9.323
32 5 9.334
32 5 9.344
32 5 9.355
32 5 9.365
32 5 9.375
32 5 9.386
32 5 9.396
32 5 9.407
32 5 9.417
32 5 9.427
32 5 9.437
32 5 9.449
32 5 9.461
32 5 9.473
32 5 9.484
32 5 9.494
32 5 9.507
32 5 9.52
32 5 9.532
32 5 9.545
31 5 9.557
31 5 9.568
31 5 9.578
31 5 9.589
31 5 9.602
31 5 9.612
31 5 9.624
32 5 9.635
32 6 9.645
32 7 9.657
31 8 9.667
32 8 9.677
32 9 9.69
32 10 9.701
31 11 9.713
32 11 9.724
32 12 9.735
32 13 9.745
32 13 9.758
32 14 9.769
32 14 9.779
31 15 9.792
31 16 9.803
32 16 9.814
32 17 9.824
32 17 9.835
32 18 9.848
32 18 9.859
32 19 9.87
32 20 9.883
32 20 9.894
32 20 9.905
32 21 9.917
32 22 9.927
31 23 9.938
32 23 9.95
31 24 9.961
31 25 9.973
31 26 9.984
32 25 9.995
32 27 10.008
32 28 10.019
32 28 10.03
32 28 10.042
32 29 10.054
32 30 10.066
31 31 10.079
32 31 10.092
32 32 10.103
32 32 10.113
31 32 10.126
32 31 10.138
32 32 10.151
32 32 10.161
32 32 10.172
32 32 10.183
32 32 10.194
31 32 10.205
32 32 10.217
32 32 10.228
32 32 10.241
32 32 10.252
31 32 10.264
32 32 10.277
32 32 10.29
32 32 10.301
32 32 10.311
32 31 10.323
32 31 10.334
32 31 10.344
32 31 10.357
32 30 10.369
32 30 10.38
31 30 10.39
32 30 10.403
32 29 10.413
31 29 10.425
31 29 10.438
31 29 10.45
32 28 10.461
31 28 10.473
32 28 10.486
32 28 10.496
32 27 10.509
32 27 10.519
31 27 10.529
31 27 10.542
32 26 10.553
32 26 10.563
32 26 10.576
32 26 10.588
32 25 10.6
32 25 10.611
32 25 10.624
32 25 10.634
32 24 10.644
32 24 10.655
32 24 10.665
32 24 10.677
32 23 10.687
32 23 10.7
32 23 10.71
32 23 10.721
32 22 10.731
31 22 10.744
31 22 10.755
30 22 10.767
31 22 10.78
31 22 10.792
31 22 10.804
31 22 10.815
32 21 10.825
32 21 10.835
31 21 10.845
31 21 10.858
32 20 10.87
32 20 10.883
32 20 10.894
31 20 10.905
32 19 10.918
32 19 10.929
32 19 10.939
32 19 10.952
32 18 10.963
32 18 10.974
32 18 10.985
32 18 10.996
32 17 11.008
32 17 11.019
32 17 11.03
32 17 11.04
32 16 11.052
32 16 11.063
32 16 11.076
32 16 11.087
32 15 11.097
32 15 11.108
32 15 11.118
32 15 11.131
32 14 11.143
32 14 11.155
32 14 11.168
32 14 11.178
32 13 11.188
32 13 11.199
32 13 11.212
32 13 11.224
32 12 11.236
32 12 11.247
32 12 11.26
32 12 11.273
32 11 11.285
32 11 11.296
32 11 11.307
31 11 11.318
32 10 11.329
32 10 11.341
32 10 11.354
32 10 11.365
32 9 11.377
31 9 11.39
32 9 11.4
32 9 11.413
32 8 11.426
31 8 11.436
31 8 11.448
31 8 11.461
32 7 11.473
32 7 11.484
32 7 11.496
32 7 11.506
32 6 11.518
32 6 11.529
31 6 11.542
31 6 11.552
32 5 11.562
31 5 11.572
31 5 11.582
31 5 11.593
32 4 11.605
31 4 11.615
32 4 11.626
31 4 11.638
32 4 11.65
32 6 11.662
32 6 11.675
32 7 11.688
32 7 11.698
32 8 11.711
32 9 11.724
32 10 11.736
32 10 11.746
32 11 11.759
32 12 11.77
31 13 11.78
32 13 11.79
32 15 11.801
32 16 11.813
32 17 11.826
32 17 11.838
32 18 11.85
32 19 11.863
32 20 11.876
32 19 11.889
32 20 11.899
31 20 11.91
31 20 11.92
32 20 11.931
31 20 11.944
31 20 11.955
31 20 11.966
32 20 11.976
32 20 11.988
32 20 11.999
32 20 12.009
32 20 12.022
32 20 12.033
32 20 12.046
32 20 12.058
32 19 12.069
32 19 12.08
31 19 12.091
31 19 12.101
32 18 12.111
32 18 12.122
32 18 12.132
32 18 12.142
32 17 12.152
32 17 12.165
32 17 12.177
32 17 12.187
32 16 12.198
32 16 12.211
32 16 12.223
32 16 12.234
32 15 12.247
32 15 12.258
32 15 12.268
31 15 12.28
32 14 12.291
32 14 12.301
32 14 12.312
31 14 12.324
32 13 12.334
31 13 12.345
31 13 12.356
31 13 12.368
31 12 12.381
31 12 12.391
31 12 12.402
31 12 12.413
32 11 12.425
32 11 12.437
32 11 12.449
32 11 12.461
32 10 12.472
31 10 12.483
31 10 12.495
31 10 12.508
32 9 12.518
32 9 12.531
32 9 12.541
32 9 12.553
32 8 12.565
32 8 12.576
32 8 12.589
32 8 12.6
32 7 12.613
32 7 12.623
32 7 12.634
32 7 12.646
32 6 12.658
32 6 12.668
32 6 12.678
32 6 12.689
32 5 12.702
32 5 12.714
32 5 12.727
32 5 12.74
32 5 12.75
32 5 12.763
31 5 12.774
31 5 12.784
32 5 12.797
32 5 12.808
32 5 12.819
31 5 12.832
32 5 12.843
32 5 12.854
32 5 12.867
32 5 12.879
32 5 12.89
32 5 12.901
31 5 12.913
31 5 12.925
32 5 12.935
32 5 12.947
32 5 12.958
32 5 12.968
32 5 12.978
32 5 12.991
32 5 13.001
31 5 13.014
32 5 13.026
32 5 13.036
32 5 13.048
32 5 13.06
32 5 13.07
31 5 13.083
31 5 13.094
31 5 13.105
32 5 13.117
32 5 13.127
32 5 13.139
32 5 13.15
32 5 13.16
32 5 13.173
32 5 13.184
32 5 13.195
32 5 13.206
32 5 13.217
32 5 13.229
32 5 13.241
32 5 13.254
32 5 13.266
31 5 13.276
32 5 13.286
32 5 13.299
32 5 13.309
32 5 13.32
32 5 13.332
32 5 13.343
32 5 13.353
31 5 13.366
31 5 13.376
32 5 13.387
31 5 13.398
32 5 13.411
32 5 13.421
32 5 13.431
32 5 13.442
32 5 13.452
31 5 13.463
32 5 13.473
32 5 13.484
31 5 13.494
31 5 13.504
31 5 13.517
32 5 13.528
32 5 13.538
32 5 13.551
32 5 13.562
32 5 13.572
32 5 13.585
32 5 13.597
32 5 13.608
32 5 13.62
31 5 13.632
32 5 13.643
32 5 13.655
32 5 13.666
32 5 13.678
32 5 13.688
32 5 13.699
32 6 13.711
32 6 13.721
31 7 13.734
32 7 13.747
32 9 13.76
32 10 13.772
32 12 13.784
32 12 13.797
32 13 13.81
32 14 13.821
31 16 13.833
32 16 13.845
32 18 13.855
32 18 13.868
32 19 13.878
32 20 13.89
32 21 13.902
32 22 13.914
32 23 13.924
32 23 13.936
32 24 13.946
32 25 13.956
31 25 13.966
32 25 13.979
32 26 13.99
31 27 14.002
31 28 14.013
32 28 14.024
32 29 14.036
32 31 14.048
32 32 14.061
32 32 14.072
32 32 14.085
32 32 14.097
32 32 14.108
32 32 14.119
32 32 14.132
32 32 14.144
32 32 14.155
32 31 14.167
32 32 14.18
32 32 14.19
32 32 14.203
32 32 14.214
32 32 14.224
32 32 14.237
32 32 14.249
32 32 14.262
32 32 14.272
32 32 14.282
32 32 14.295
32 32 14.305
32 32 14.318
32 32 14.329
32 32 14.341
32 32 14.354
32 32 14.366
32 32 14.379
32 32 14.39
32 31 14.402
31 31 14.413
32 31 14.426
31 31 14.437
32 30 14.45
32 30 14.462
31 30 14.473
30 30 14.485
32 29 14.496
31 29 14.506
31 29 14.519
31 29 14.53
32 28 14.54
32 28 14.553
32 28 14.566
32 28 14.578
32 27 14.588
32 27 14.598
32 27 14.608
31 27 14.619
32 26 14.63
31 26 14.64
31 26 14.652
32 26 14.662
32 25 14.673
32 25 14.686
32 25 14.698
32 25 14.709
32 24 14.721
32 24 14.734
32 24 14.745
32 24 14.757
32 23 14.769
32 23 14.78
32 23 14.79
31 23 14.801
32 22 14.812
32 22 14.825
32 22 14.838
32 22 14.85
32 21 14.863
32 21 14.875
32 21 14.887
31 21 14.9
32 20 14.913
32 20 14.924
32 20 14.936
32 20 14.947
32 19 14.959
32 19 14.969
32 19 14.979
32 19 14.99
32 18 15.003
31 18 15.015
32 18 15.025
31 18 15.035
32 17 15.046
31 17 15.056
32 17 15.068
32 17 15.08
32 17 15.092
32 17 15.104
31 17 15.117
32 17 15.128
32 16 15.139
32 16 15.152
32 16 15.163
32 16 15.174
32 15 15.185
32 15 15.198
32 15 15.211
32 15 15.223
32 14 15.236
32 14 15.247
32 14 15.258
32 14 15.269
32 13 15.281
32 13 15.294
32 13 15.306
31 13 15.319
32 12 15.33
32 12 15.341
32 12 15.353
32 12 15.365
32 11 15.376
32 11 15.389
32 11 15.401
32 11 15.412
32 10 15.424
32 10 15.436
32 10 15.447
31 10 15.457
32 9 15.47
31 9 15.481
31 9 15.492
31 9 15.502
32 8 15.512
32 8 15.523
32 8 15.534
32 8 15.544
32 7 15.557
32 7 15.569
32 7 15.582
32 7 15.592
32 6 15.604
32 6 15.614
32 6 15.625
32 6 15.638
32 5 15.649
32 5 15.661
32 5 15.674
32 5 15.684
32 5 15.694
32 5 15.705
32 5 15.718
32 5 15.728
32 5 15.741
32 5 15.754
32 5 15.765
32 5 15.776
32 5 15.788
32 5 15.8
32 5 15.81
32 5 15.82
32 5 15.833
32 5 15.843
32 5 15.854
32 5 15.864
32 5 15.876
32 5 15.887
31 5 15.898
31 5 15.909
32 5 15.921
31 5 15.932
31 5 15.943
31 5 15.955
32 5 15.968
32 5 15.98
32 5 15.992
32 5 16.002
32 5 16.012
32 5 16.025
32 5 16.037
32 5 16.047
32 5 16.058
32 5 16.071
31 5 16.082
32 5 16.092
32 5 16.103
32 5 16.115
32 5 16.126
32 5 16.137
32 5 16.15
32 5 16.162
32 5 16.174
32 5 16.185
32 5 16.198
32 5 16.208
32 5 16.221
32 5 16.231
32 5 16.242
32 5 16.252
32 5 16.263
32 5 16.275
32 5 16.287
31 5 16.3
32 5 16.31
31 5 16.322
32 5 16.334
31 5 16.344
31 5 16.355
31 5 16.368
32 5 16.378
31 5 16.39
32 5 16.401
32 5 16.412
32 5 16.425
32 5 16.436
32 5 16.446
32 5 16.456
32 5 16.469
32 5 16.482
31 5 16.494
31 5 16.505
32 5 16.517
32 5 16.528
31 5 16.539
32 5 16.552
32 5 16.562
32 5 16.573
32 5 16.584
32 5 16.595
32 5 16.608
32 5 16.618
32 5 16.628
31 5 16.64
32 5 16.652
32 5 16.662
32 5 16.673
32 5 16.684
32 5 16.694
32 5 16.705
31 5 16.715
32 5 16.727
32 5 16.738
32 5 16.749
32 5 16.759
32 5 16.772
32 5 16.782
32 5 16.793
32 5 16.805
32 5 16.818
32 5 16.831
31 5 16.841
31 5 16.852
31 5 16.863
32 5 16.875
32 5 16.888
32 5 16.898
31 5 16.91
32 5 16.921
32 6 16.933
32 7 16.945
31 8 16.955
32 8 16.966
32 9 16.976
32 10 16.988
32 11 16.998
32 10 17.01
31 11 17.023
32 12 17.035
32 14 17.047
32 13 17.059
32 15 17.072
32 16 17.085
31 17 17.095
32 18 17.106
32 18 17.118
32 19 17.129
32 19 17.142
32 19 17.154
32 20 17.164
31 21 17.176
32 22 17.187
32 21 17.198
32 22 17.211
32 23 17.224
32 24 17.234
32 25 17.245
32 25 17.255
32 27 17.265
32 28 17.276
32 28 17.289
32 30 17.3
32 31 17.31
32 32 17.32
32 32 17.333
32 32 17.345
32 32 17.357
32 32 17.369
32 32 17.38
32 32 17.392
32 32 17.405
32 32 17.418
32 32 17.428
32 32 17.439
32 32 17.451
32 32 17.462
32 32 17.475
32 32 17.485
32 32 17.497
32 32 17.509
32 32 17.521
32 32 17.531
32 32 17.543
32 32 17.555
32 32 17.565
32 32 17.578
32 32 17.59
32 32 17.601
32 31 17.612
32 31 17.625
32 31 17.636
32 31 17.646
32 30 17.658
32 30 17.669
32 30 17.679
32 30 17.692
32 29 17.703
32 29 17.715
32 29 17.727
32 29 17.737
32 28 17.748
32 28 17.76
32 28 17.771
31 28 17.781
32 27 17.791
31 27 17.801
32 27 17.813
32 27 17.823
32 26 17.833
31 26 17.843
31 26 17.855
31 26 17.866
32 25 17.878
32 25 17.888
32 25 17.898
31 25 17.909
32 24 17.92
32 24 17.932
31 24 17.942
31 24 17.952
32 23 17.963
32 23 17.976
32 23 17.987
32 23 17.998
32 22 18.011
32 22 18.021
32 22 18.032
32 22 18.045
32 22 18.055
32 22 18.067
32 22 18.079
32 22 18.089
32 21 18.099
31 21 18.11
32 21 18.121
32 21 18.131
32 20 18.141
32 20 18.151
32 20 18.164
32 20 18.176
32 19 18.186
32 19 18.198
31 19 18.211
31 19 18.222
32 18 18.235
32 18 18.247
32 18 18.258
32 18 18.27
32 17 18.281
32 17 18.291
32 17 18.301
32 17 18.312
32 16 18.322
32 16 18.333
32 16 18.343
32 16 18.353
32 15 18.364
32 15 18.374
31 15 18.384
31 15 18.394
32 14 18.407
32 14 18.418
32 14 18.431
32 14 18.444
32 13 18.454
32 13 18.464
32 13 18.477
32 13 18.489
32 12 18.5
32 12 18.513
31 12 18.525
31 12 18.538
32 11 18.549
32 11 18.561
32 11 18.571
32 11 18.581
32 10 18.594
32 10 18.604
32 10 18.616
32 10 18.629
32 9 18.64
32 9 18.652
32 9 18.664
32 9 18.676
32 8 18.687
31 8 18.697
32 8 18.708
32 8 18.718
32 7 18.73
32 7 18.742
32 7 18.752
32 7 18.765
32 6 18.777
32 6 18.787
31 6 18.798
31 6 18.811
32 5 18.821
32 5 18.832
32 5 18.843
31 5 18.853
32 5 18.865
32 5 18.878
32 5 18.89
32 5 18.901
32 5 18.913
32 5 18.925
32 5 18.936
32 5 18.948
32 5 18.96
32 5 18.971
32 5 18.983
31 5 18.994
32 5 19.006
32 5 19.018
32 5 19.029
32 5 19.041
32 5 19.052
32 5 19.065
32 5 19.076
32 5 19.086
32 5 19.099
31 5 19.111
31 5 19.122
31 5 19.132
32 5 19.145
31 5 19.157
31 5 19.169
31 5 19.18
32 5 19.191
32 5 19.203
32 5 19.215
32 5 19.227
32 5 19.238
32 5 19.25
31 5 19.262
31 5 19.273
32 5 19.283
32 5 19.296
32 5 19.308
32 5 19.318
32 5 19.332
32 5 19.343
32 5 19.354
32 5 19.366
32 5 19.378
32 5 19.391
32 5 19.402
32 5 19.413
32 5 19.424
32 5 19.436
32 5 19.447
32 5 19.459
32 5 19.471
32 5 19.482
32 5 19.494
31 5 19.505
32 5 19.517
32 5 19.529
32 5 19.54
31 5 19.55
32 5 19.563
32 5 19.575
32 5 19.587
32 5 19.598
32 5 19.61
32 5 19.62
32 5 19.633
32 5 19.645
32 5 19.656
31 5 19.669
31 5 19.68
32 5 19.691
32 5 19.703
31 5 19.714
31 5 19.725
30 5 19.736
31 5 19.748
31 5 19.759
32 5 19.77
32 5 19.783
32 5 19.796
32 5 19.807
31 5 19.818
32 5 19.83
32 5 19.842
32 5 19.853
32 5 19.864
32 5 19.874
32 5 19.885
31 5 19.898
31 5 19.91
32 5 19.92
32 5 19.933
32 5 19.946
32 5 19.957
32 5 19.969
32 5 19.979
32 5 19.989
32 5 19.999
31 5 20.01
32 5 20.021
32 5 20.033
32 5 20.044
32 5 20.055
32 5 20.067
32 5 20.078
32 5 20.088
32 5 20.101
32 5 20.111
32 5 20.121
31 5 20.134
32 5 20.144
32 5 20.155
32 5 20.168
32 5 20.18
32 5 20.193
32 5 20.204
32 5 20.216
32 5 20.226
31 5 20.239
32 5 20.251
32 7 20.264
32 7 20.275
31 8 20.286
32 8 20.299
32 8 20.311
31 9 20.321
32 9 20.334
32 9 20.347
32 10 20.359
32 10 20.372
32 11 20.383
32 11 20.395
32 12 20.407
31 13 20.418
31 15 20.43
32 15 20.44
31 15 20.452
31 16 20.464
31 17 20.475
32 17 20.488
32 18 20.5
31 19 20.512
31 19 20.523
32 20 20.536
32 20 20.547
32 21 20.558
32 22 20.569
32 22 20.58
32 23 20.593
31 24 20.605
31 25 20.618
32 24 20.629
32 26 20.64
31 26 20.651
32 27 20.664
32 27 20.674
32 28 20.687
32 29 20.699
32 29 20.712
32 29 20.723
31 30 20.734
32 30 20.747
32 30 20.758
32 30 20.771
32 30 20.784
32 30 20.796
32 30 20.806
32 30 20.819
32 30 20.831
31 30 20.844
31 30 20.854
32 30 20.866
32 30 20.877
32 30 20.888
32 30 20.901
32 30 20.913
32 30 20.925
32 30 20.937
32 30 20.948
32 29 20.958
32 29 20.97
31 29 20.982
31 29 20.992
32 28 21.004
32 28 21.015
32 28 21.027
32 28 21.039
32 27 21.052
32 27 21.065
32 27 21.075
32 27 21.088
32 26 21.098
32 26 21.108
32 26 21.121
32 26 21.131
32 25 21.141
32 25 21.154
32 25 21.164
32 25 21.174
32 24 21.184
32 24 21.195
32 24 21.205
31 24 21.217
32 23 21.228
32 23 21.239
31 23 21.25
31 23 21.263
32 22 21.275
32 22 21.287
32 22 21.3
32 22 21.313
32 21 21.323
32 21 21.336
32 21 21.348
32 21 21.358
32 20 21.371
32 20 21.381
32 20 21.392
32 20 21.404
32 20 21.417
32 20 21.427
32 20 21.439
32 20 21.452
32 19 21.462
32 19 21.474
32 19 21.487
32 19 21.497
32 18 21.508
31 18 21.52
31 18 21.533
31 18 21.543
32 17 21.555
31 17 21.566
31 17 21.579
31 17 21.592
32 16 21.604
31 16 21.616
32 16 21.626
31 16 21.637
32 15 21.648
31 15 21.658
31 15 21.671
31 15 21.683
32 14 21.695
32 14 21.707
32 14 21.719
32 14 21.729
32 13 21.741
32 13 21.753
32 13 21.764
32 13 21.774
32 12 21.785
32 12 21.795
32 12 21.807
32 12 21.82
32 11 21.832
32 11 21.842
32 11 21.852
32 11 21.864
32 10 21.877
32 10 21.89
32 10 21.9
32 10 21.913
32 9 21.924
32 9 21.937
32 9 21.947
32 9 21.959
32 8 21.971
32 8 21.983
32 8 21.994
32 8 22.005
32 7 22.018
32 7 22.029
32 7 22.041
32 7 22.052
32 6 22.065
32 6 22.076
32 6 22.087
31 6 22.098
32 5 22.108
32 5 22.119
32 5 22.129
32 5 22.141
32 5 22.151
32 5 22.164
32 5 22.176
32 5 22.186
32 5 22.197
32 5 22.207
32 5 22.218
31 5 22.228
32 5 22.24
32 5 22.253
32 5 22.265
32 5 22.276
32 5 22.286
31 5 22.298
31 5 22.31
31 5 22.322
32 5 22.335
32 5 22.345
32 5 22.358
32 5 22.369
32 5 22.379
32 5 22.392
32 5 22.403
32 5 22.413
32 5 22.426
32 5 22.438
31 5 22.448
31 5 22.459
32 5 22.469
32 5 22.48
32 5 22.492
32 5 22.502
32 5 22.512
31 5 22.523
31 5 22.534
31 5 22.544
32 5 22.556
32 5 22.568
32 5 22.578
31 5 22.591
32 5 22.601
32 5 22.612
32 5 22.624
32 5 22.636
32 5 22.646
32 5 22.659
32 5 22.669
32 5 22.682
32 5 22.693
32 5 22.705
31 5 22.718
31 5 22.729
32 5 22.742
32 5 22.753
32 5 22.766
32 5 22.777
32 5 22.79
32 5 22.801
32 5 22.812
32 5 22.822
32 5 22.835
32 5 22.846
32 5 22.859
32 5 22.872
32 5 22.882
32 5 22.893
32 5 22.905
32 5 22.918
32 5 22.928
31 5 22.941
31 5 22.951
31 5 22.962
32 5 22.975
32 5 22.986
32 5 22.996
32 5 23.007
32 5 23.019
32 5 23.029
32 5 23.041
32 5 23.051
32 5 23.062
32 5 23.075
32 5 23.088
32 5 23.1
32 5 23.111
32 5 23.123
32 5 23.136
32 5 23.147
32 5 23.16
32 5 23.173
32 5 23.185
32 5 23.196
32 6 23.206
32 6 23.218
32 7 23.23
32 8 23.243
32 8 23.254
32 9 23.265
32 11 23.278
32 12 23.291
32 12 23.303
32 13 23.315
32 14 23.326
32 14 23.337
32 15 23.349
32 16 23.359
31 16 23.37
31 17 23.381
32 17 23.393
32 18 23.404
32 18 23.416
32 20 23.429
32 20 23.44
32 21 23.453
32 22 23.465
32 23 23.477
32 23 23.49
32 23 23.503
32 25 23.514
32 26 23.527
32 26 23.54
32 27 23.553
32 29 23.565
32 30 23.576
32 30 23.587
32 31 23.598
32 31 23.611
31 32 23.622
32 32 23.632
31 32 23.642
31 32 23.655
31 32 23.666
32 32 23.679
32 32 23.691
32 32 23.701
31 32 23.712
32 32 23.723
32 32 23.733
32 32 23.745
31 32 23.758
32 32 23.769
32 32 23.78
31 32 23.791
31 32 23.801
32 32 23.812
32 32 23.823
31 32 23.833
31 32 23.846
32 32 23.856
32 32 23.867
32 32 23.877
31 32 23.888
32 31 23.898
32 31 23.911
32 31 23.922
32 31 23.932
32 30 23.944
32 30 23.955
31 30 23.967
32 30 23.978
32 29 23.99
31 29 24.001
31 29 24.013
32 29 24.026
32 28 24.038
31 28 24.049
31 28 24.06
30 28 24.07
31 27 24.082
31 27 24.094
31 27 24.105
31 27 24.116
32 26 24.126
32 26 24.139
32 26 24.149
31 26 24.16
32 25 24.171
32 25 24.183
32 25 24.196
32 25 24.209
32 24 24.221
32 24 24.233
32 24 24.243
32 24 24.255
32 23 24.266
32 23 24.279
31 23 24.289
31 23 24.3
32 22 24.31
32 22 24.323
32 22 24.333
32 22 24.343
32 21 24.355
32 21 24.368
32 21 24.378
32 21 24.391
32 20 24.401
31 20 24.413
32 20 24.426
31 20 24.436
32 19 24.448
31 19 24.459
31 19 24.469
31 19 24.48
32 18 24.493
32 18 24.505
32 18 24.517
32 18 24.53
32 17 24.542
31 17 24.554
31 17 24.565
31 17 24.577
32 17 24.588
32 17 24.6
32 17 24.612
32 17 24.623
32 16 24.635
32 16 24.646
32 16 24.658
32 16 24.67
32 15 24.681
32 15 24.691
32 15 24.702
32 15 24.715
32 14 24.725
32 14 24.735
32 14 24.748
32 14 24.759
32 13 24.769
32 13 24.782
32 13 24.794
32 13 24.805
32 12 24.816
31 12 24.828
32 12 24.84
32 12 24.851
32 11 24.861
32 11 24.871
32 11 24.882
32 11 24.894
32 10 24.905
31 10 24.915
31 10 24.928
31 10 24.939
32 9 24.949
32 9 24.96
31 9 24.972
31 9 24.983
32 8 24.994
31 8 25.005
31 8 25.018
31 8 25.028
32 7 25.041
32 7 25.053
32 7 25.065
31 7 25.076
32 6 25.086
32 6 25.099
32 6 25.111
31 6 25.123
32 5 25.134
32 5 25.146
32 5 25.157
32 5 25.169
32 5 25.181
32 5 25.192
32 5 25.205
32 5 25.215
32 5 25.227
31 5 25.239
31 5 25.249
32 5 25.262
32 5 25.274
32 5 25.285
32 5 25.297
32 5 25.308
32 5 25.319
32 5 25.332
32 5 25.343
32 5 25.355
32 5 25.366
32 5 25.378
32 5 25.391
32 5 25.401
32 5 25.413
32 5 25.426
32 5 25.436
31 5 25.448
32 5 25.459
32 5 25.471
32 5 25.482
32 5 25.494
32 5 25.506
32 5 25.518
31 5 25.529
32 5 25.54
32 5 25.551
32 5 25.564
32 5 25.575
32 5 25.587
32 5 25.599
32 5 25.61
32 5 25.622
32 5 25.634
32 5 25.645
32 5 25.657
32 5 25.668
32 5 25.68
32 5 25.691
32 5 25.703
32 5 25.715
32 5 25.727
32 5 25.738
31 5 25.75
31 5 25.761
31 5 25.773
32 5 25.785
32 5 25.798
32 5 25.808
32 5 25.819
32 5 25.831
32 5 25.841
32 5 25.851
32 5 25.864
32 5 25.877
32 5 25.887
32 5 25.9
32 5 25.912
32 5 25.924
32 5 25.934
32 5 25.945
32 5 25.955
32 5 25.966
31 5 25.978
31 5 25.99
32 5 26.001
32 5 26.012
32 5 26.025
32 5 26.035
32 5 26.046
32 5 26.058
32 5 26.068
32 5 26.078
32 5 26.088
32 5 26.099
31 5 26.111
32 5 26.121
32 5 26.134
32 5 26.146
32 5 26.157
32 5 26.169
32 5 26.181
32 5 26.192
32 5 26.203
32 5 26.213
32 5 26.225
32 5 26.237
31 5 26.247
31 5 26.259
31 5 26.27
32 5 26.28
32 5 26.291
32 5 26.302
32 5 26.314
32 5 26.327
32 5 26.337
32 5 26.348
32 5 26.358
32 5 26.37
32 5 26.383
31 5 26.394
31 5 26.405
32 5 26.417
32 5 26.427
32 5 26.437
31 5 26.447
32 5 26.46
32 5 26.472
32 5 26.485
32 5 26.497
32 5 26.507
32 6 26.52
32 7 26.532
32 8 26.543
32 8 26.555
31 9 26.567
31 10 26.579
31 11 26.589
32 11 26.602
32 11 26.613
32 12 26.623
32 13 26.636
32 13 26.648
31 14 26.66
31 15 26.671
31 16 26.683
32 17 26.696
32 18 26.708
32 19 26.72
32 19 26.732
32 19 26.743
32 21 26.755
32 21 26.767
32 22 26.779
32 22 26.79
32 24 26.801
32 25 26.813
32 26 26.824
32 26 26.836
32 27 26.848
32 28 26.859
32 29 26.871
32 29 26.883
31 30 26.894
31 31 26.906
31 32 26.917
32 32 26.929
32 32 26.941
31 32 26.952
31 32 26.964
32 32 26.974
32 32 26.986
32 32 26.998
32 32 27.008
32 32 27.021
32 32 27.031
32 32 27.041
32 32 27.053
32 32 27.063
32 32 27.073
32 32 27.084
32 32 27.094
32 32 27.105
32 32 27.117
32 32 27.128
32 32 27.139
32 32 27.151
32 32 27.164
32 32 27.174
32 32 27.187
32 31 27.198
32 31 27.208
32 31 27.218
31 31 27.231
32 30 27.241
32 30 27.254
32 30 27.264
32 30 27.276
32 29 27.289
32 29 27.301
32 29 27.314
32 29 27.324
32 28 27.335
31 28 27.345
32 28 27.356
32 28 27.366
32 27 27.376
32 27 27.387
32 27 27.398
32 27 27.408
32 26 27.421
32 26 27.433
32 26 27.445
31 26 27.456
32 25 27.467
32 25 27.478
32 25 27.488
31 25 27.499
32 24 27.512
32 24 27.522
32 24 27.535
32 24 27.545
32 23 27.555
32 23 27.566
32 23 27.576
32 23 27.588
32 22 27.598
32 22 27.609
32 22 27.621
32 22 27.634
32 22 27.644
32 22 27.655
32 22 27.666
31 22 27.679
32 21 27.689
32 21 27.702
32 21 27.712
31 21 27.722
32 20 27.735
32 20 27.747
31 20 27.758
32 20 27.771
32 19 27.781
31 19 27.792
32 19 27.803
31 19 27.815
32 18 27.825
32 18 27.838
32 18 27.849
31 18 27.86
32 17 27.872
32 17 27.883
32 17 27.893
31 17 27.905
32 16 27.916
32 16 27.926
31 16 27.937
31 16 27.947
32 15 27.96
32 15 27.97
31 15 27.981
31 15 27.992
32 14 28.003
32 14 28.013
31 14 28.024
32 14 28.036
32 13 28.047
32 13 28.058
32 13 28.068
32 13 28.079
32 12 28.092
32 12 28.104
32 12 28.115
32 12 28.125
32 11 28.135
32 11 28.145
32 11 28.155
32 11 28.168
32 10 28.178
31 10 28.191
31 10 28.203
31 10 28.214
32 9 28.224
32 9 28.235
32 9 28.247
32 9 28.26
32 8 28.27
31 8 28.28
32 8 28.29
32 8 28.3
32 7 28.31
32 7 28.323
32 7 28.335
32 7 28.346
32 6 28.358
32 6 28.371
32 6 28.383
32 6 28.394
32 5 28.405
31 5 28.418
31 5 28.428
31 5 28.44
32 4 28.453
32 4 28.463
32 4 28.475
32 4 28.488
32 4 28.5
32 5 28.51
32 6 28.522
31 7 28.534
32 7 28.544
31 9 28.556
32 10 28.568
32 12 28.579
32 12 28.592
31 12 28.603
31 14 28.616
31 15 28.627
32 15 28.64
32 16 28.652
32 17 28.665
32 18 28.676
32 18 28.687
31 19 28.7
31 20 28.713
32 20 28.725
32 20 28.738
32 20 28.749
32 20 28.76
32 20 28.772
32 20 28.784
31 20 28.794
31 20 28.806
32 20 28.816
32 20 28.827
32 20 28.84
32 20 28.851
32 20 28.861
32 20 28.874
32 20 28.887
31 20 28.898
31 20 28.909
32 19 28.921
32 19 28.934
32 19 28.946
32 19 28.959
32 18 28.969
32 18 28.979
32 18 28.989
32 18 29.002
32 17 29.012
31 17 29.025
31 17 29.036
32 17 29.049
32 16 29.06
32 16 29.071
32 16 29.081
31 16 29.092
32 15 29.102
32 15 29.113
31 15 29.124
31 15 29.135
32 14 29.145
32 14 29.156
31 14 29.168
31 14 29.178
32 13 29.188
32 13 29.2
32 13 29.211
31 13 29.223
32 12 29.233
32 12 29.243
32 12 29.256
32 12 29.268
32 11 29.278
32 11 29.291
32 11 29.304
32 11 29.316
32 10 29.328
32 10 29.34
32 10 29.352
32 10 29.364
32 9 29.376
32 9 29.386
32 9 29.396
32 9 29.409
32 8 29.419
32 8 29.429
32 8 29.439
31 8 29.452
32 7 29.466
32 7 29.479
32 7 29.49
32 7 29.501
32 6 29.512
32 6 29.525
32 6 29.535
32 6 29.545
32 5 29.558
32 5 29.57
32 5 29.582
31 5 29.593
32 5 29.603
32 5 29.614
32 5 29.626
32 5 29.637
32 5 29.647
32 5 29.66
31 5 29.673
31 5 29.683
31 5 29.694
31 5 29.706
31 5 29.716
32 5 29.728
32 5 29.741
32 5 29.754
32 5 29.764
32 5 29.776
32 5 29.787
32 5 29.797
32 5 29.808
32 5 29.82
32 5 29.832
32 5 29.844
32 5 29.855
32 5 29.866
32 5 29.878
32 5 29.891
32 5 29.901
32 5 29.912
32 5 29.925
32 5 29.938
32 5 29.948
32 5 29.961
32 5 29.974
32 5 29.984
32 5 29.997
32 5 30.009
32 5 30.019
32 5 30.029
32 5 30.042
32 5 30.052
32 5 30.062
32 5 30.074
32 5 30.084
31 5 30.096
32 5 30.107
32 5 30.118
32 5 30.129
32 5 30.142
32 5 30.152
32 5 30.162
32 5 30.172
32 5 30.183
32 5 30.193
32 5 30.206
31 5 30.216
31 5 30.227
32 5 30.237
32 5 30.249
32 5 30.26
31 5 30.271
32 5 30.283
32 5 30.296
32 5 30.308
32 5 30.318
32 5 30.33
32 5 30.34
32 5 30.351
31 5 30.363
32 5 30.376
32 5 30.386
32 5 30.397
31 5 30.407
32 5 30.417
32 5 30.429
31 5 30.441
31 5 30.452
32 5 30.464
31 5 30.474
31 5 30.487
31 5 30.497
32 5 30.51
32 5 30.522
32 5 30.533
32 5 30.546
32 5 30.557
32 5 30.568
32 5 30.581
32 5 30.593
32 5 30.605
32 5 30.616
32 5 30.629
32 5 30.641
32 5 30.652
32 6 30.664
32 7 30.676
32 9 30.686
32 9 30.696
32 9 30.709
32 10 30.722
32 12 30.733
32 11 30.746
32 13 30.759
32 13 30.769
32 13 30.781
32 13 30.792
32 14 30.802
31 14 30.814
32 15 30.824
32 15 30.834
32 16 30.847
32 17 30.86
32 18 30.87
32 17 30.882
32 18 30.894
32 19 30.906
32 20 30.918
32 20 30.931
32 20 30.942
32 21 30.954
32 22 30.965
32 22 30.977
32 22 30.987
31 23 30.998
32 24 31.011
32 25 31.021
31 25 31.032
31 26 31.044
31 27 31.055
32 27 31.067
32 28 31.08
32 29 31.093
32 30 31.103
32 30 31.115
32 30 31.128
32 30 31.138
31 30 31.149
32 30 31.16
32 30 31.172
32 30 31.183
32 30 31.194
32 30 31.207
32 30 31.217
32 30 31.23
32 30 31.241
32 30 31.252
32 30 31.263
32 30 31.274
32 30 31.285
32 30 31.297
32 30 31.309
32 30 31.319
31 30 31.331
32 29 31.342
32 29 31.354
31 29 31.364
32 29 31.377
32 28 31.387
32 28 31.399
32 28 31.41
32 28 31.42
32 27 31.433
32 27 31.445
32 27 31.456
32 27 31.468
32 26 31.481
32 26 31.491
32 26 31.502
32 26 31.515
32 25 31.525
32 25 31.536
32 25 31.548
31 25 31.558
32 24 31.569
32 24 31.581
31 24 31.592
31 24 31.603
32 23 31.615
32 23 31.628
32 23 31.641
32 23 31.652
32 22 31.664
32 22 31.676
32 22 31.687
32 22 31.7
32 21 31.71
31 21 31.72
31 21 31.733
31 21 31.744
32 20 31.754
32 20 31.767
32 20 31.779
32 20 31.792
32 20 31.803
31 20 31.815
32 20 31.825
31 20 31.835
32 19 31.847
32 19 31.86
32 19 31.871
31 19 31.884
32 18 31.897
32 18 31.908
32 18 31.92
32 18 31.932
32 17 31.943
32 17 31.956
32 17 31.966
32 17 31.977
32 16 31.988
31 16 31.998
31 16 32.01
31 16 32.02
31 15 32.031
32 15 32.041
31 15 32.051
31 15 32.062
32 14 32.073
32 14 32.084
32 14 32.096
32 14 32.106
32 13 32.118
32 13 32.131
32 13 32.142
32 13 32.152
32 12 32.163
31 12 32.175
31 12 32.185
31 12 32.198
32 11 32.208
32 11 32.22
32 11 32.233
32 11 32.244
32 10 32.256
32 10 32.268
32 10 32.281
32 10 32.293
32 9 32.305
32 9 32.317
32 9 32.329
32 9 32.339
32 8 32.352
32 8 32.362
32 8 32.372
31 8 32.383
32 7 32.394
31 7 32.405
31 7 32.415
31 7 32.425
32 6 32.438
32 6 32.448
32 6 32.458
32 6 32.471
32 5 32.483
31 5 32.494
31 5 32.505
30 5 32.518
31 5 32.53
32 5 32.54
32 5 32.552
32 5 32.563
32 5 32.573
32 5 32.583
32 5 32.596
32 5 32.606
32 5 32.618
31 5 32.63
31 5 32.64
31 5 32.651
31 5 32.664
31 5 32.677
31 5 32.687
32 5 32.698
32 5 32.71
32 5 32.723
32 5 32.736
32 5 32.746
32 5 32.756
31 5 32.766
31 5 32.779
31 5 32.791
32 5 32.804
32 5 32.816
32 5 32.826
32 5 32.836
32 5 32.849
31 5 32.862
31 5 32.872
31 5 32.884
32 5 32.897
32 5 32.907
32 5 32.92
32 5 32.931
32 5 32.944
32 5 32.955
32 5 32.968
32 5 32.978
32 5 32.99
32 5 33.001
31 5 33.013
31 5 33.024
32 5 33.036
32 5 33.046
32 5 33.056
31 5 33.067
32 5 33.079
32 5 33.091
32 5 33.103
32 5 33.113
32 5 33.123
32 5 33.136
32 5 33.147
32 5 33.158
32 5 33.17
32 5 33.18
32 5 33.192
32 5 33.204
32 5 33.216
32 5 33.226
32 5 33.238
32 5 33.248
32 5 33.26
32 5 33.271
32 5 33.284
32 5 33.294
32 5 33.305
32 5 33.316
32 5 33.327
31 5 33.338
32 5 33.351
32 5 33.361
32 5 33.372
31 5 33.385
32 5 33.396
32 5 33.409
32 5 33.421
32 5 33.433
32 5 33.446
32 5 33.456
31 5 33.467
31 5 33.477
32 5 33.489
32 5 33.499
32 5 33.512
32 5 33.524
32 5 33.536
32 5 33.548
32 5 33.559
32 5 33.57
32 5 33.58
32 5 33.593
32 5 33.604
32 5 33.615
32 5 33.626
32 5 33.638
32 5 33.651
32 5 33.664
32 5 33.675
32 5 33.688
32 5 33.698
32 5 33.708
32 5 33.721
32 5 33.731
31 5 33.742
31 5 33.752
32 5 33.765
31 5 33.775
31 5 33.788
31 5 33.8
32 5 33.813
32 5 33.823
32 5 33.835
32 5 33.846
32 5 33.857
32 5 33.87
32 5 33.882
32 5 33.893
32 5 33.905
32 5 33.916
32 5 33.927
32 5 33.937
32 5 33.949
32 5 33.959
31 5 33.97
31 5 33.983
32 6 33.993
32 7 34.006
32 8 34.017
31 9 34.027
32 9 34.039
32 10 34.052
32 11 34.065
32 12 34.076
32 12 34.089
32 12 34.101
32 14 34.111
31 14 34.123
32 15 34.136
32 16 34.149
32 17 34.161
32 19 34.174
32 19 34.186
32 20 34.197
32 21 34.208
31 21 34.219
32 22 34.232
32 23 34.245
32 24 34.257
32 25 34.27
32 25 34.28
32 25 34.291
32 27 34.304
32 28 34.316
32 28 34.329
32 30 34.341
32 31 34.354
32 32 34.365
32 32 34.375
31 32 34.388
31 32 34.401
31 32 34.413
32 32 34.424
32 32 34.437
32 32 34.448
32 32 34.46
32 32 34.472
32 32 34.483
32 32 34.494
32 32 34.506
32 32 34.516
32 32 34.529
32 32 34.542
32 32 34.552
32 32 34.563
31 32 34.573
31 32 34.584
31 32 34.594
31 32 34.606
32 32 34.619
32 32 34.629
32 32 34.642
32 32 34.653
32 32 34.663
31 32 34.675
31 32 34.688
32 31 34.7
32 31 34.711
32 31 34.722
31 31 34.734
32 30 34.745
32 30 34.756
32 30 34.768
32 30 34.778
32 29 34.791
32 29 34.802
31 29 34.812
31 29 34.825
32 28 34.835
32 28 34.847
32 28 34.859
32 28 34.869
32 27 34.88
31 27 34.892
31 27 34.902
31 27 34.913
32 26 34.923
32 26 34.933
31 26 34.944
31 26 34.956
32 25 34.966
32 25 34.976
32 25 34.989
32 25 35.001
32 24 35.013
31 24 35.024
31 24 35.037
32 24 35.047
32 23 35.059
32 23 35.072
32 23 35.084
32 23 35.095
32 22 35.105
32 22 35.118
32 22 35.129
31 22 35.14
32 21 35.152
32 21 35.162
32 21 35.175
32 21 35.187
32 20 35.197
32 20 35.21
32 20 35.221
32 20 35.231
32 19 35.243
32 19 35.256
32 19 35.267
32 19 35.278
32 18 35.291
32 18 35.303
32 18 35.314
31 18 35.326
32 17 35.338
32 17 35.35
31 17 35.361
32 17 35.373
32 17 35.386
32 17 35.398
32 17 35.41
32 17 35.423
32 16 35.435
32 16 35.447
32 16 35.459
32 16 35.47
32 15 35.483
32 15 35.493
31 15 35.504
31 15 35.515
32 14 35.527
32 14 35.538
32 14 35.548
31 14 35.558
32 13 35.57
32 13 35.581
32 13 35.593
32 13 35.606
32 12 35.616
31 12 35.628
31 12 35.639
32 12 35.652
32 11 35.664
32 11 35.675
32 11 35.687
32 11 35.698
32 10 35.71
32 10 35.721
32 10 35.731
32 10 35.743
32 9 35.756
32 9 35.766
31 9 35.778
31 9 35.788
32 8 35.798
32 8 35.808
32 8 35.818
32 8 35.831
32 7 35.843
32 7 35.856
32 7 35.866
32 7 35.878
32 6 35.888
32 6 35.899
32 6 35.909
31 6 35.922
32 5 35.932
32 5 35.942
32 5 35.953
32 5 35.964
32 4 35.977
32 4 35.988
31 4 36
31 4 36.012
32 4 36.024
32 6 36.034
32 6 36.046
32 7 36.056
32 7 36.069
32 9 36.082
32 10 36.095
32 11 36.106
32 11 36.117
32 12 36.128
31 13 36.138
31 13 36.149
32 13 36.161
32 15 36.174
31 15 36.186
31 16 36.2
32 17 36.21
32 18 36.222
32 19 36.232
32 20 36.245
32 20 36.256
31 20 36.268
32 20 36.279
31 20 36.29
32 20 36.301
32 20 36.312
32 20 36.324
32 20 36.335
32 20 36.346
32 20 36.357
32 20 36.367
31 20 36.38
32 20 36.392
31 20 36.403
31 20 36.413
30 20 36.424
31 19 36.435
31 19 36.446
32 19 36.457
32 19 36.469
32 18 36.48
32 18 36.493
32 18 36.503
32 18 36.515
32 17 36.528
32 17 36.538
32 17 36.548
32 17 36.561
32 16 36.573
32 16 36.585
31 16 36.595
31 16 36.607
32 15 36.617
31 15 36.627
32 15 36.639
32 15 36.649
32 14 36.659
31 14 36.669
32 14 36.68
32 14 36.693
32 13 36.705
32 13 36.716
32 13 36.729
31 13 36.741
32 12 36.752
32 12 36.764
32 12 36.776
32 12 36.787
32 11 36.797
32 11 36.808
32 11 36.821
32 11 36.833
32 10 36.846
32 10 36.856
32 10 36.866
31 10 36.877
32 9 36.888
32 9 36.9
32 9 36.913
32 9 36.923
32 8 36.933
32 8 36.946
32 8 36.959
31 8 36.971
32 7 36.984
31 7 36.996
31 7 37.009
31 7 37.019
31 6 37.03
31 6 37.043
31 6 37.053
31 6 37.063
32 5 37.076
32 5 37.086
32 5 37.097
31 5 37.11
32 5 37.12
32 5 37.132
32 5 37.144
32 5 37.155
32 5 37.166
32 5 37.179
32 5 37.19
32 5 37.2
32 5 37.211
32 5 37.223
32 5 37.234
32 5 37.244
32 5 37.256
32 5 37.267
32 5 37.278
31 5 37.289
32 5 37.301
32 5 37.314
32 5 37.327
32 5 37.337
32 5 37.349
32 5 37.362
32 5 37.373
32 5 37.385
32 5 37.398
32 5 37.408
32 5 37.419
32 5 37.432
32 5 37.443
32 5 37.455
31 5 37.467
31 5 37.478
32 5 37.49
32 5 37.501
31 5 37.514
31 5 37.525
32 5 37.535
32 5 37.546
31 5 37.556
31 5 37.566
32 5 37.579
32 5 37.589
32 5 37.6
32 5 37.611
32 5 37.623
31 5 37.634
32 5 37.645
31 5 37.656
32 5 37.666
32 5 37.678
32 5 37.691
32 5 37.703
32 5 37.715
32 5 37.725
32 5 37.735
32 5 37.748
32 5 37.759
32 5 37.769
32 5 37.78
32 5 37.793
32 5 37.803
31 5 37.815
32 5 37.826
32 5 37.838
32 5 37.848
31 5 37.86
32 5 37.87
31 5 37.882
32 5 37.893
32 5 37.903
31 5 37.915
32 5 37.927
32 5 37.937
32 5 37.948
32 5 37.961
32 5 37.971
32 5 37.981
32 5 37.994
32 5 38.006
32 5 38.017
32 5 38.029
32 5 38.039
32 5 38.052
32 5 38.064
32 5 38.076
32 5 38.086
32 5 38.099
32 5 38.109
32 5 38.12
32 5 38.133
32 5 38.143
31 5 38.156
32 6 38.168
32 7 38.179
32 8 38.189
32 9 38.201
32 9 38.214
32 9 38.225
32 11 38.237
32 11 38.249
32 11 38.262
32 12 38.273
31 13 38.285
32 14 38.298
32 14 38.31
32 14 38.321
32 15 38.332
31 16 38.345
32 17 38.357
32 17 38.368
32 19 38.38
32 19 38.392
32 19 38.404
32 20 38.416
31 20 38.427
31 20 38.438
32 20 38.449
32 21 38.461
32 23 38.472
32 23 38.484
32 24 38.496
32 25 38.507
32 26 38.519
32 26 38.53
32 26 38.542
31 28 38.554
31 29 38.565
31 30 38.577
31 30 38.589
31 30 38.6
32 31 38.612
31 32 38.623
32 32 38.635
32 32 38.647
32 32 38.658
31 32 38.67
32 32 38.682
32 32 38.693
32 32 38.705
31 32 38.716
32 32 38.728
32 32 38.739
32 32 38.751
32 32 38.761
32 32 38.771
32 32 38.782
32 32 38.795
32 32 38.806
32 32 38.818
32 32 38.829
32 32 38.839
31 32 38.85
32 31 38.86
32 31 38.87
32 31 38.88
32 31 38.893
32 30 38.905
32 30 38.918
32 30 38.928
31 30 38.94
32 29 38.953
32 29 38.965
32 29 38.977
32 29 38.988
32 28 39.001
32 28 39.013
32 28 39.024
32 28 39.037
32 27 39.049
32 27 39.061
32 27 39.074
32 27 39.086
32 26 39.098
32 26 39.11
32 26 39.12
32 26 39.13
32 25 39.141
32 25 39.153
32 25 39.166
31 25 39.178
32 24 39.189
32 24 39.2
32 24 39.212
32 24 39.223
32 23 39.236
31 23 39.247
31 23 39.257
31 23 39.268
32 22 39.279
32 22 39.29
32 22 39.302
32 22 39.313
32 22 39.324
31 22 39.336
32 22 39.346
32 22 39.357
32 21 39.369
32 21 39.38
32 21 39.39
32 21 39.403
32 20 39.413
32 20 39.424
32 20 39.437
31 20 39.447
32 19 39.458
32 19 39.47
32 19 39.481
32 19 39.491
32 18 39.503
32 18 39.513
32 18 39.524
32 18 39.534
32 17 39.547
32 17 39.557
32 17 39.569
32 17 39.582
32 16 39.592
31 16 39.603
31 16 39.616
32 16 39.628
32 15 39.639
32 15 39.652
32 15 39.664
32 15 39.675
32 14 39.687
32 14 39.7
32 14 39.712
32 14 39.723
32 13 39.734
32 13 39.746
32 13 39.757
32 13 39.767
32 12 39.779
32 12 39.79
32 12 39.8
32 12 39.813
32 11 39.823
31 11 39.836
32 11 39.849
32 11 39.859
32 10 39.869
32 10 39.879
32 10 39.89
31 10 39.901
32 9 39.913
32 9 39.923
32 9 39.933
32 9 39.945
32 8 39.956
32 8 39.966
32 8 39.977
32 8 39.988
32 7 39.999
32 7 40.009
32 7 40.021
32 7 40.032
32 6 40.042
32 6 40.054
32 6 40.065
31 6 40.075
32 5 40.088
32 5 40.099
32 5 40.11
32 5 40.122
32 5 40.134
31 5 40.147
31 5 40.158
32 5 40.17
32 5 40.181
32 5 40.191
31 5 40.202
31 5 40.215
32 5 40.226
32 5 40.238
32 5 40.248
32 5 40.258
32 5 40.269
31 5 40.28
32 5 40.293
31 5 40.305
32 5 40.317
32 5 40.328
32 5 40.34
32 5 40.353
32 5 40.365
32 5 40.375
31 5 40.388
31 5 40.399
32 5 40.41
32 5 40.423
32 5 40.436
32 5 40.448
32 5 40.459
32 5 40.472
32 5 40.482
32 5 40.495
32 5 40.507
32 5 40.52
31 5 40.531
32 5 40.542
32 5 40.555
32 5 40.565
32 5 40.577
31 5 40.587
32 5 40.6
32 5 40.612
32 5 40.624
32 5 40.637
32 5 40.649
31 5 40.66
32 5 40.671
32 5 40.682
32 5 40.693
31 5 40.706
31 5 40.718
31 5 40.729
31 5 40.741
32 5 40.753
32 5 40.766
32 5 40.777
32 5 40.788
31 5 40.799
32 5 40.811
32 5 40.823
32 5 40.836
32 5 40.846
32 5 40.858
32 5 40.869
32 5 40.879
32 5 40.89
32 5 40.902
32 5 40.914
32 5 40.925
32 5 40.936
32 5 40.946
32 5 40.959
32 5 40.971
31 5 40.984
31 5 40.994
31 5 41.005
32 5 41.018
32 5 41.029
32 5 41.042
32 5 41.053
32 5 41.066
32 5 41.077
32 5 41.089
32 5 41.1
32 5 41.112
31 5 41.125
31 5 41.135
32 5 41.145
32 5 41.158
32 5 41.17
32 5 41.183
32 5 41.196
32 5 41.206
32 6 41.217
32 6 41.228
32 7 41.239
32 8 41.252
32 9 41.262
31 10 41.275
32 11 41.287
32 11 41.297
32 11 41.31
32 12 41.321
32 13 41.334
32 13 41.345
32 14 41.356
32 15 41.369
31 16 41.381
32 17 41.394
32 18 41.406
32 20 41.418
32 21 41.429
32 21 41.44
32 21 41.453
32 22 41.463
31 24 41.476
32 24 41.486
32 25 41.498
32 26 41.511
32 27 41.524
32 27 41.537
32 27 41.547
32 28 41.56
32 29 41.57
32 29 41.58
32 30 41.593
32 30 41.605
32 31 41.618
32 31 41.629
32 32 41.642
31 32 41.652
31 32 41.663
32 32 41.673
31 32 41.683
31 32 41.694
31 32 41.706
32 32 41.717
32 32 41.729
32 32 41.74
32 32 41.753
32 32 41.765
31 32 41.777
31 32 41.789
31 32 41.802
32 32 41.815
32 32 41.827
32 32 41.84
32 32 41.852
32 32 41.863
32 32 41.875
31 32 41.885
31 32 41.896
32 31 41.908
32 31 41.919
31 31 41.93
31 31 41.942
32 30 41.955
32 30 41.966
32 30 41.979
32 30 41.991
32 29 42.002
32 29 42.015
32 29 42.028
32 29 42.04
32 28 42.05
32 28 42.062
32 28 42.073
32 28 42.086
32 27 42.097
32 27 42.109
32 27 42.119
32 27 42.13
32 26 42.141
32 26 42.153
32 26 42.163
32 26 42.176
32 25 42.188
32 25 42.198
32 25 42.208
31 25 42.221
32 24 42.234
32 24 42.246
32 24 42.257
31 24 42.269
32 23 42.282
32 23 42.294
32 23 42.306
32 23 42.319
32 22 42.329
31 22 42.341
31 22 42.353
31 22 42.364
32 21 42.377
32 21 42.387
32 21 42.397
32 21 42.41
32 20 42.422
32 20 42.435
31 20 42.446
31 20 42.459
32 19 42.47
32 19 42.481
32 19 42.493
31 19 42.506
32 18 42.516
32 18 42.529
32 18 42.541
32 18 42.554
32 17 42.565
32 17 42.578
32 17 42.59
32 17 42.601
32 17 42.613
32 17 42.624
31 17 42.634
31 17 42.646
32 16 42.657
32 16 42.669
32 16 42.68
31 16 42.693
32 15 42.705
32 15 42.715
32 15 42.728
32 15 42.738
32 14 42.749
32 14 42.762
32 14 42.772
32 14 42.783
32 13 42.796
32 13 42.808
32 13 42.821
32 13 42.833
32 12 42.845
31 12 42.856
31 12 42.866
32 12 42.879
32 11 42.89
32 11 42.901
31 11 42.913
31 11 42.923
32 10 42.934
32 10 42.944
32 10 42.956
32 10 42.966
32 9 42.976
32 9 42.988
32 9 42.999
32 9 43.012
32 8 43.022
32 8 43.033
32 8 43.045
32 8 43.056
32 7 43.066
32 7 43.079
31 7 43.092
31 7 43.102
32 6 43.115
32 6 43.127
32 6 43.14
32 6 43.151
32 5 43.167
32 5 43.178
32 5 43.191
32 5 43.204
32 5 43.216
32 5 43.229
32 5 43.241
32 5 43.253
32 5 43.266
32 5 43.276
31 5 43.286
31 5 43.298
32 5 43.308
31 5 43.32
31 5 43.333
31 5 43.345
31 5 43.356
31 5 43.367
32 5 43.379
32 5 43.392
32 5 43.402
32 5 43.415
32 5 43.428
32 5 43.438
32 5 43.451
32 5 43.463
32 5 43.473
32 5 43.484
32 5 43.496
32 5 43.506
32 5 43.517
32 5 43.529
32 5 43.541
32 5 43.552
32 5 43.564
32 5 43.576
32 5 43.589
32 5 43.6
32 5 43.61
32 5 43.623
32 5 43.635
32 5 43.648
32 5 43.66
32 5 43.67
32 5 43.682
32 5 43.694
32 5 43.705
31 5 43.717
32 5 43.727
32 5 43.739
32 5 43.75
32 5 43.76
32 5 43.77
32 5 43.783
31 5 43.793
31 5 43.803
32 5 43.816
32 5 43.829
32 5 43.841
32 5 43.851
32 5 43.863
32 5 43.875
32 5 43.885
32 5 43.897
32 5 43.907
32 5 43.918
32 5 43.93
31 5 43.943
32 5 43.955
32 5 43.966
32 5 43.979
32 5 43.991
32 5 44.002
32 5 44.014
32 5 44.026
32 5 44.036
32 5 44.049
32 5 44.06
32 5 44.07
32 5 44.083
32 5 44.096
32 5 44.108
32 5 44.118
31 5 44.129
32 5 44.141
32 5 44.152
31 5 44.163
31 5 44.175
32 5 44.186
31 5 44.198
31 5 44.211
31 5 44.221
32 5 44.234
32 5 44.244
31 5 44.256
31 5 44.266
32 5 44.277
32 5 44.287
32 5 44.3
32 5 44.312
32 5 44.324
32 5 44.337
32 5 44.35
31 5 44.36
32 5 44.37
32 5 44.383
32 5 44.395
32 5 44.406
32 5 44.418
32 5 44.431
31 5 44.442
31 5 44.454
32 5 44.467
32 6 44.479
32 7 44.492
32 8 44.504
32 8 44.514
32 10 44.525
31 10 44.535
32 11 44.547
32 11 44.559
32 12 44.569
32 13 44.582
32 13 44.594
32 13 44.605
32 13 44.615
31 14 44.626
31 15 44.636
32 15 44.646
32 16 44.657
31 17 44.668
31 18 44.681
32 18 44.693
31 19 44.703
31 20 44.715
32 20 44.725
32 20 44.736
32 21 44.746
32 22 44.757
31 23 44.769
32 23 44.781
32 24 44.794
32 26 44.805
32 28 44.818
32 27 44.828
32 28 44.841
32 30 44.853
32 30 44.864
32 30 44.877
32 32 44.888
31 32 44.901
31 32 44.913
32 32 44.923
31 32 44.935
31 32 44.948
31 32 44.958
32 32 44.97
32 32 44.981
32 32 44.992
32 32 45.003
32 32 45.015
32 32 45.026
32 32 45.036
31 32 45.049
32 32 45.06
32 32 45.07
32 32 45.083
32 32 45.095
32 32 45.106
32 32 45.119
31 32 45.13
32 32 45.14
32 31 45.153
32 31 45.164
32 31 45.174
32 31 45.186
32 30 45.196
31 30 45.207
31 30 45.217
30 30 45.228
32 29 45.238
31 29 45.251
31 29 45.263
31 29 45.273
32 28 45.286
32 28 45.297
32 28 45.307
32 28 45.32
32 27 45.332
32 27 45.343
32 27 45.354
32 27 45.366
32 26 45.377
32 26 45.387
32 26 45.397
31 26 45.409
32 25 45.421
32 25 45.433
32 25 45.444
32 25 45.456
32 24 45.469
32 24 45.479
31 24 45.49
32 24 45.5
32 23 45.51
32 23 45.521
32 23 45.531
32 23 45.543
32 22 45.554
32 22 45.567
32 22 45.577
31 22 45.588
32 22 45.599
32 22 45.61
32 22 45.621
32 22 45.633
32 21 45.645
32 21 45.657
32 21 45.668
32 21 45.68
32 20 45.691
31 20 45.703
32 20 45.715
32 20 45.726
32 19 45.738
32 19 45.75
32 19 45.761
32 19 45.772
32 18 45.784
32 18 45.796
32 18 45.808
32 18 45.82
32 17 45.831
31 17 45.842
32 17 45.854
32 17 45.866
32 16 45.877
32 16 45.889
32 16 45.902
32 16 45.913
32 15 45.924
32 15 45.935
32 15 45.947
32 15 45.959
32 14 45.97
32 14 45.982
32 14 45.993
32 14 46.005
32 13 46.017
32 13 46.027
32 13 46.039
32 13 46.052
32 12 46.064
32 12 46.076
31 12 46.087
31 12 46.097
32 11 46.109
32 11 46.121
32 11 46.133
32 11 46.143
32 10 46.155
32 10 46.167
32 10 46.177
31 10 46.189
32 9 46.202
32 9 46.212
31 9 46.223
32 9 46.233
32 8 46.246
32 8 46.256
32 8 46.266
32 8 46.279
32 7 46.29
32 7 46.302
32 7 46.314
32 7 46.325
32 6 46.337
32 6 46.347
32 6 46.359
32 6 46.372
32 5 46.385
32 5 46.397
32 5 46.407
31 5 46.418
32 5 46.43
32 5 46.442
31 5 46.454
32 5 46.464
32 5 46.475
32 5 46.485
32 5 46.496
32 5 46.506
32 5 46.517
32 5 46.527
32 5 46.54
32 5 46.551
32 5 46.562
32 5 46.574
31 5 46.584
32 5 46.594
32 5 46.607
32 5 46.62
32 5 46.632
32 5 46.643
32 5 46.654
32 5 46.666
32 5 46.677
32 5 46.69
32 5 46.7
32 5 46.711
32 5 46.724
32 5 46.734
32 5 46.745
32 5 46.757
31 5 46.77
32 5 46.78
32 5 46.792
32 5 46.804
32 5 46.815
32 5 46.828
32 5 46.84
32 5 46.852
32 5 46.862
31 5 46.874
32 5 46.887
32 5 46.9
32 5 46.911
32 5 46.923
32 5 46.935
31 5 46.946
31 5 46.958
31 5 46.969
32 5 46.982
31 5 46.993
32 5 47.005
31 5 47.017
32 5 47.027
31 5 47.04
32 5 47.052
31 5 47.062
32 5 47.075
32 5 47.086
32 5 47.096
32 5 47.109
32 5 47.119
32 5 47.129
32 5 47.139
32 5 47.15
32 5 47.162
32 5 47.175
32 5 47.187
32 5 47.2
32 5 47.213
32 5 47.225
32 5 47.236
32 5 47.249
32 5 47.261
32 5 47.273
32 5 47.284
31 5 47.295
32 5 47.306
31 5 47.318
32 5 47.328
32 5 47.34
32 5 47.352
32 5 47.363
32 5 47.373
32 5 47.384
32 5 47.395
32 6 47.406
32 8 47.417
32 8 47.428
32 8 47.439
31 9 47.452
31 9 47.462
31 11 47.474
32 10 47.487
32 11 47.497
32 13 47.509
32 14 47.52
32 14 47.533
32 15 47.543
32 16 47.554
32 17 47.564
32 17 47.576
32 18 47.586
32 18 47.596
32 19 47.609
32 19 47.62
32 20 47.63
32 21 47.643
32 22 47.656
32 22 47.666
32 23 47.677
32 24 47.688
32 25 47.699
32 25 47.71
32 26 47.721
32 27 47.731
32 27 47.744
32 27 47.756
31 28 47.767
31 29 47.777
32 30 47.79
32 29 47.803
32 30 47.814
32 31 47.826
32 32 47.839
32 32 47.852
31 32 47.863
31 32 47.876
32 32 47.886
32 32 47.896
32 32 47.907
32 32 47.919
32 32 47.932
32 32 47.944
32 32 47.955
32 32 47.965
31 32 47.976
32 32 47.988
32 32 48
32 32 48.011
32 32 48.021
32 32 48.034
32 32 48.045
32 32 48.056
32 32 48.069
32 31 48.081
32 31 48.092
31 31 48.103
31 31 48.113
32 30 48.123
32 30 48.133
32 30 48.145
31 30 48.155
32 29 48.165
32 29 48.175
31 29 48.185
32 29 48.196
32 28 48.208
32 28 48.219
31 28 48.23
31 28 48.242
31 27 48.255
32 27 48.267
32 27 48.278
32 27 48.291
32 26 48.302
31 26 48.312
31 26 48.325
32 26 48.335
32 25 48.346
32 25 48.359
32 25 48.37
32 25 48.38
32 24 48.393
32 24 48.404
32 24 48.416
31 24 48.427
32 23 48.439
32 23 48.45
31 23 48.462
31 23 48.473
32 22 48.484
32 22 48.496
32 22 48.506
31 22 48.519
32 22 48.529
32 22 48.542
32 22 48.555
32 22 48.566
32 21 48.579
32 21 48.591
32 21 48.604
32 21 48.616
32 20 48.629
32 20 48.642
32 20 48.654
32 20 48.666
32 19 48.677
32 19 48.687
32 19 48.697
32 19 48.707
32 18 48.72
32 18 48.73
31 18 48.741
32 18 48.751
32 17 48.763
32 17 48.776
32 17 48.786
32 17 48.796
32 16 48.808
32 16 48.821
32 16 48.832
32 16 48.842
32 15 48.854
32 15 48.864
32 15 48.875
32 15 48.886
32 14 48.898
32 14 48.91
31 14 48.92
31 14 48.931
32 13 48.941
31 13 48.951
32 13 48.964
32 13 48.976
32 12 48.988
32 12 48.998
31 12 49.01
31 12 49.021
32 11 49.033
32 11 49.045
32 11 49.056
32 11 49.067
32 10 49.079
32 10 49.09
32 10 49.102
32 10 49.114
32 9 49.124
32 9 49.135
32 9 49.147
32 9 49.158
32 8 49.17
31 8 49.181
31 8 49.191
31 8 49.204
31 7 49.215
31 7 49.228
32 7 49.24
32 7 49.251
32 6 49.263
32 6 49.275
32 6 49.285
32 6 49.297
32 5 49.31
32 5 49.323
32 5 49.333
31 5 49.345
32 5 49.357
32 5 49.368
32 5 49.381
31 5 49.393
32 5 49.405
32 5 49.415
31 5 49.425
31 5 49.435
32 5 49.447
32 5 49.458
32 5 49.468
32 5 49.481
32 5 49.492
32 5 49.504
32 5 49.516
32 5 49.527
32 5 49.538
32 5 49.548
32 5 49.559
32 5 49.569
32 5 49.58
32 5 49.593
32 5 49.603
32 5 49.615
32 5 49.628
32 5 49.641
32 5 49.652
31 5 49.664
32 5 49.676
32 5 49.689
32 5 49.699
32 5 49.71
32 5 49.722
32 5 49.732
32 5 49.745
32 5 49.756
32 5 49.768
32 5 49.779
32 5 49.791
32 5 49.801
32 5 49.812
32 5 49.825
32 5 49.836
31 5 49.847
32 5 49.858
32 5 49.868
31 5 49.879
32 5 49.889
32 5 49.9
32 5 49.912
32 5 49.923
32 5 49.935
32 5 49.946
32 5 49.957
31 5 49.967
31 5 49.978
32 5 49.99
31 5 50.002
32 5 50.013
32 5 50.024
32 5 50.037
32 5 50.048
32 5 50.058
32 5 50.068
32 5 50.081
32 5 50.091
32 5 50.102
32 5 50.113
32 5 50.125
32 5 50.135
31 5 50.147
32 5 50.16
32 5 50.172
32 5 50.184
31 5 50.194
31 5 50.207
32 5 50.218
32 5 50.231
32 5 50.242
32 5 50.252
32 5 50.264
31 5 50.276
31 5 50.286
31 5 50.297
32 5 50.309
32 5 50.32
32 5 50.331
32 5 50.341
32 5 50.351
32 5 50.362
32 5 50.373
32 5 50.383
32 4 50.395
32 5 50.405
32 6 50.417
32 7 50.428
32 6 50.441
32 7 50.451
32 8 50.464
31 9 50.476
32 9 50.488
32 9 50.498
31 11 50.511
31 12 50.522
32 12 50.533
32 13 50.543
32 14 50.554
32 15 50.566
32 15 50.578
31 16 50.59
31 18 50.602
31 18 50.613
31 18 50.626
31 19 50.638
32 20 50.648
31 20 50.66
32 21 50.671
32 22 50.683
32 23 50.694
32 24 50.704
32 24 50.715
32 25 50.727
32 27 50.738
32 28 50.75
32 27 50.762
32 28 50.772
32 29 50.782
32 30 50.793
32 30 50.805
32 31 50.817
32 32 50.828
32 32 50.841
32 32 50.852
32 32 50.865
32 32 50.876
32 32 50.887
32 32 50.898
32 32 50.91
31 32 50.92
32 32 50.932
32 32 50.944
32 32 50.954
32 32 50.964
31 32 50.976
32 32 50.986
32 32 50.997
32 32 51.007
32 32 51.019
32 32 51.032
32 32 51.044
32 32 51.055
32 32 51.068
32 31 51.079
32 31 51.092
32 31 51.103
32 31 51.115
32 30 51.127
32 30 51.138
32 30 51.149
32 30 51.16
32 29 51.171
31 29 51.184
31 29 51.196
32 29 51.207
32 28 51.219
32 28 51.23
32 28 51.242
32 28 51.253
32 27 51.265
32 27 51.278
32 27 51.288
31 27 51.299
32 26 51.311
32 26 51.322
32 26 51.333
31 26 51.343
32 25 51.354
32 25 51.364
32 25 51.374
32 25 51.387
32 24 51.397
32 24 51.407
32 24 51.418
31 24 51.43
32 23 51.44
31 23 51.452
31 23 51.463
30 23 51.473
31 22 51.486
31 22 51.497
32 22 51.507
31 22 51.519
32 22 51.531
32 22 51.544
32 22 51.554
32 22 51.566
32 21 51.579
32 21 51.59
32 21 51.603
32 21 51.613
32 20 51.624
32 20 51.636
32 20 51.646
32 20 51.657
32 19 51.67
31 19 51.68
31 19 51.692
31 19 51.704
32 18 51.715
32 18 51.725
31 18 51.737
31 18 51.747
32 17 51.757
32 17 51.768
31 17 51.778
32 17 51.791
32 16 51.801
32 16 51.813
32 16 51.824
32 16 51.836
32 15 51.849
32 15 51.86
32 15 51.872
32 15 51.885
32 14 51.895
32 14 51.906
32 14 51.919
31 14 51.929
32 13 51.94
31 13 51.952
31 13 51.964
31 13 51.977
32 12 51.988
32 12 51.999
32 12 52.012
32 12 52.022
32 11 52.035
32 11 52.046
32 11 52.057
32 11 52.07
32 10 52.082
32 10 52.093
32 10 52.105
32 10 52.118
32 9 52.131
31 9 52.141
31 9 52.154
32 9 52.165
32 8 52.177
32 8 52.19
32 8 52.2
32 8 52.212
32 7 52.223
32 7 52.234
32 7 52.247
32 7 52.257
32 6 52.27
32 6 52.281
32 6 52.292
32 6 52.305
32 5 52.315
32 5 52.326
31 5 52.339
31 5 52.349
32 5 52.359
31 5 52.37
31 5 52.382
32 5 52.392
32 5 52.405
32 5 52.417
32 5 52.429
31 5 52.44
32 5 52.452
32 5 52.463
32 5 52.475
32 5 52.488
32 5 52.5
32 5 52.511
32 5 52.524
32 5 52.536
32 5 52.548
32 5 52.561
32 5 52.573
32 5 52.586
32 5 52.598
32 5 52.61
32 5 52.623
32 5 52.633
32 5 52.645
31 5 52.657
31 5 52.668
31 5 52.679
32 5 52.69
32 5 52.701
32 5 52.714
32 5 52.726
32 5 52.738
32 5 52.75
31 5 52.762
31 5 52.772
32 5 52.785
32 5 52.795
32 5 52.806
31 5 52.819
32 5 52.831
32 5 52.843
32 5 52.855
32 5 52.868
32 5 52.879
32 5 52.891
32 5 52.904
32 5 52.914
32 5 52.925
32 5 52.938
32 5 52.951
32 5 52.962
32 5 52.974
32 5 52.987
32 5 52.999
32 5 53.012
32 5 53.025
32 5 53.037
32 5 53.048
32 5 53.061
32 5 53.071
32 5 53.082
32 5 53.093
31 5 53.105
32 5 53.116
32 5 53.127
32 5 53.138
32 5 53.15
32 5 53.16
32 5 53.172
32 5 53.182
32 5 53.193
32 5 53.206
31 5 53.218
31 5 53.228
31 5 53.239
32 5 53.25
32 5 53.262
32 5 53.273
32 5 53.283
32 5 53.294
31 5 53.307
32 5 53.317
32 5 53.328
32 5 53.34
31 5 53.351
31 5 53.361
31 5 53.372
32 5 53.385
32 5 53.396
32 5 53.407
32 5 53.419
32 5 53.429
32 5 53.442
32 5 53.452
32 5 53.463
32 5 53.475
32 5 53.485
31 5 53.497
31 5 53.51
32 5 53.52
32 5 53.53
32 5 53.543
32 5 53.555
32 5 53.566
32 5 53.577
32 5 53.587
32 5 53.599
32 5 53.612
32 5 53.624
31 5 53.634
31 5 53.645
32 5 53.656
32 5 53.667
32 5 53.677
32 5 53.69
32 5 53.703
32 5 53.714
32 5 53.727
32 5 53.739
32 6 53.75
31 7 53.762
32 8 53.775
32 9 53.786
32 9 53.796
31 10 53.806
31 11 53.818
31 12 53.83
32 12 53.843
32 12 53.855
32 13 53.868
32 14 53.881
32 14 53.893
32 15 53.906
32 16 53.918
32 17 53.928
32 17 53.94
32 18 53.952
32 19 53.963
32 20 53.975
32 20 53.987
32 21 53.999
32 22 54.011
32 23 54.021
32 23 54.031
32 24 54.042
32 25 54.053
32 26 54.065
32 26 54.077
32 27 54.087
31 28 54.098
32 29 54.11
32 29 54.123
32 30 54.136
32 32 54.147
32 32 54.16
32 31 54.173
32 32 54.186
32 32 54.198
32 32 54.211
32 31 54.221
32 32 54.232
32 32 54.244
32 32 54.256
32 31 54.269
32 32 54.279
32 32 54.291
31 32 54.303
32 32 54.314
32 32 54.327
32 32 54.337
32 32 54.348
32 32 54.36
32 32 54.371
32 32 54.381
32 32 54.394
32 32 54.405
32 32 54.417
32 32 54.428
32 32 54.441
32 31 54.452
32 31 54.463
32 31 54.475
32 31 54.487
32 30 54.498
32 30 54.51
32 30 54.523
32 30 54.534
32 29 54.546
31 29 54.556
32 29 54.567
32 29 54.579
32 28 54.591
32 28 54.603
32 28 54.614
32 28 54.626
32 27 54.636
31 27 54.647
31 27 54.659
32 27 54.67
32 26 54.681
32 26 54.692
32 26 54.704
32 26 54.715
32 25 54.727
32 25 54.739
32 25 54.75
31 25 54.763
32 24 54.774
32 24 54.785
32 24 54.796
32 24 54.806
32 23 54.819
32 23 54.83
32 23 54.841
32 23 54.851
32 22 54.862
32 22 54.872
32 22 54.882
32 22 54.895
32 22 54.906
32 22 54.916
31 22 54.929
31 22 54.941
32 21 54.953
32 21 54.963
32 21 54.974
32 21 54.986
32 20 54.998
31 20 55.01
31 20 55.021
31 20 55.032
32 19 55.044
32 19 55.055
32 19 55.066
32 19 55.078
32 18 55.09
32 18 55.103
32 18 55.114
32 18 55.124
32 17 55.134
32 17 55.146
32 17 55.156
31 17 55.169
32 16 55.18
31 16 55.191
32 16 55.204
32 16 55.215
32 15 55.228
31 15 55.239
31 15 55.249
31 15 55.262
32 14 55.274
32 14 55.286
32 14 55.296
32 14 55.308
32 13 55.318
32 13 55.331
32 13 55.343
32 13 55.355
32 12 55.366
31 12 55.377
31 12 55.389
31 12 55.4
32 11 55.413
31 11 55.423
31 11 55.435
31 11 55.446
32 10 55.458
32 10 55.469
31 10 55.481
31 10 55.491
31 9 55.502
31 9 55.513
31 9 55.523
31 9 55.533
31 8 55.546
31 8 55.556
31 8 55.568
31 8 55.581
32 7 55.591
32 7 55.601
32 7 55.614
32 7 55.626
32 6 55.637
32 6 55.648
32 6 55.661
31 6 55.672
32 5 55.683
31 5 55.694
32 5 55.706
32 5 55.719
32 4 55.732
32 4 55.744
32 4 55.755
32 4 55.767
32 4 55.78
32 6 55.791
32 7 55.801
31 7 55.812
32 7 55.824
32 8 55.835
32 9 55.846
32 10 55.858
32 10 55.871
31 12 55.883
31 13 55.894
31 14 55.906
31 14 55.917
31 15 55.927
31 16 55.937
31 17 55.949
32 17 55.962
32 18 55.975
32 19 55.987
32 20 56
32 20 56.01
32 20 56.021
32 20 56.033
31 20 56.044
32 20 56.056
32 20 56.069
31 20 56.079
31 20 56.092
32 20 56.103
32 20 56.116
32 20 56.128
32 20 56.141
32 20 56.152
32 20 56.165
32 20 56.176
32 20 56.186
32 19 56.196
32 19 56.206
32 19 56.216
31 19 56.228
32 18 56.24
32 18 56.25
32 18 56.261
32 18 56.274
32 17 56.284
32 17 56.296
32 17 56.306
32 17 56.317
32 16 56.329
31 16 56.342
31 16 56.353
31 16 56.363
32 15 56.375
32 15 56.385
32 15 56.395
32 15 56.406
32 14 56.417
32 14 56.427
32 14 56.438
31 14 56.45
32 13 56.463
32 13 56.476
32 13 56.486
32 13 56.497
32 12 56.51
32 12 56.52
31 12 56.533
32 12 56.544
32 11 56.559
32 11 56.569
32 11 56.582
32 11 56.594
32 10 56.605
32 10 56.618
32 10 56.63
32 10 56.642
32 9 56.654
32 9 56.666
32 9 56.676
31 9 56.689
32 8 56.701
32 8 56.714
32 8 56.726
32 8 56.737
32 7 56.749
32 7 56.759
31 7 56.77
31 7 56.783
32 6 56.794
32 6 56.806
32 6 56.819
31 6 56.83
32 5 56.843
32 5 56.853
32 5 56.866
32 5 56.878
32 5 56.888
32 5 56.9
32 5 56.91
32 5 56.922
32 5 56.935
32 5 56.945
32 5 56.957
32 5 56.968
32 5 56.981
32 5 56.992
32 5 57.002
32 5 57.015
32 5 57.028
32 5 57.038
31 5 57.051
31 5 57.063
32 5 57.075
32 5 57.085
32 5 57.096
32 5 57.106
32 5 57.117
32 5 57.127
32 5 57.138
32 5 57.15
32 5 57.162
32 5 57.173
32 5 57.186
32 5 57.196
32 5 57.207
32 5 57.22
32 5 57.23
31 5 57.24
32 5 57.253
32 5 57.263
32 5 57.273
32 5 57.285
32 5 57.296
32 5 57.306
32 5 57.319
32 5 57.329
32 5 57.34
32 5 57.353
32 5 57.364
31 5 57.376
32 5 57.387
31 5 57.398
31 5 57.411
32 5 57.422
32 5 57.434
32 5 57.445
32 5 57.456
32 5 57.467
32 5 57.48
32 5 57.491
32 5 57.503
32 5 57.514
32 5 57.524
32 5 57.534
32 5 57.545
32 5 57.556
32 5 57.568
31 5 57.58
32 5 57.591
31 5 57.602
32 5 57.614
32 5 57.626
32 5 57.638
32 5 57.649
32 5 57.662
31 5 57.673
31 5 57.684
31 5 57.696
32 5 57.707
32 5 57.719
32 5 57.73
32 5 57.74
32 5 57.752
31 5 57.763
31 5 57.773
31 5 57.786
32 5 57.798
32 5 57.809
32 5 57.822
32 5 57.834
32 6 57.846
32 7 57.857
32 8 57.87
32 9 57.883
32 8 57.896
32 9 57.906
32 10 57.918
32 11 57.931
32 11 57.941
32 12 57.954
32 12 57.964
32 13 57.977
32 13 57.988
31 14 57.999
32 15 58.012
32 17 58.023
32 17 58.036
32 17 58.046
32 18 58.057
32 20 58.07
32 20 58.081
32 21 58.092
32 21 58.104
32 22 58.116
32 22 58.127
32 23 58.14
32 24 58.152
32 25 58.163
32 25 58.174
32 26 58.187
32 27 58.198
32 28 58.209
32 28 58.222
32 29 58.234
32 30 58.247
32 31 58.258
32 31 58.271
32 32 58.283
31 32 58.294
32 32 58.306
32 31 58.318
32 32 58.331
32 32 58.341
32 32 58.354
32 32 58.366
32 32 58.378
32 32 58.389
32 32 58.401
32 32 58.413
32 32 58.424
32 32 58.436
32 32 58.446
32 32 58.456
32 32 58.468
32 32 58.48
32 32 58.493
32 32 58.504
32 32 58.516
31 32 58.526
31 32 58.536
32 31 58.548
32 31 58.558
32 31 58.571
32 31 58.582
32 30 58.595
32 30 58.606
32 30 58.619
32 30 58.63
32 29 58.641
32 29 58.654
32 29 58.666
32 29 58.677
32 28 58.689
32 28 58.702
32 28 58.714
31 28 58.725
32 27 58.736
31 27 58.747
32 27 58.759
31 27 58.771
32 26 58.782
32 26 58.793
32 26 58.804
32 26 58.816
32 25 58.826
32 25 58.839
32 25 58.851
32 25 58.863
32 24 58.875
32 24 58.887
32 24 58.9
32 24 58.91
32 23 58.923
32 23 58.936
32 23 58.948
32 23 58.961
32 22 58.974
32 22 58.986
32 22 58.997
32 22 59.007
32 22 59.017
32 22 59.029
32 22 59.04
32 22 59.051
32 21 59.063
31 21 59.074
32 21 59.087
32 21 59.098
32 20 59.11
31 20 59.122
31 20 59.133
31 20 59.143
32 19 59.156
32 19 59.166
32 19 59.178
32 19 59.19
32 18 59.201
32 18 59.211
32 18 59.221
32 18 59.232
32 17 59.244
32 17 59.256
32 17 59.269
31 17 59.281
32 16 59.292
32 16 59.305
31 16 59.316
32 16 59.326
32 15 59.339
32 15 59.35
31 15 59.36
31 15 59.371
32 14 59.383
32 14 59.394
32 14 59.407
32 14 59.417
32 13 59.428
32 13 59.44
32 13 59.451
32 13 59.462
32 12 59.473
32 12 59.484
32 12 59.496
32 12 59.508
32 11 59.518
32 11 59.528
32 11 59.539
32 11 59.552
32 10 59.562
32 10 59.574
32 10 59.585
32 10 59.595
32 9 59.606
32 9 59.617
32 9 59.629
32 9 59.641
32 8 59.652
32 8 59.663
32 8 59.674
32 8 59.685
32 7 59.696
31 7 59.707
31 7 59.719
31 7 59.73
32 6 59.743
32 6 59.754
32 6 59.766
32 6 59.779
32 5 59.792
32 5 59.803
32 5 59.813
31 5 59.825
32 5 59.838
32 5 59.85
32 5 59.861
32 5 59.872
32 5 59.885
32 5 59.895
31 5 59.906
31 5 59.918
32 5 59.929
31 5 59.94
31 5 59.952
32 5 59.964
32 5 59.977
32 5 59.987
32 5 59.997
32 5 60.01
32 5 60.022
32 5 60.032
32 5 60.043
32 5 60.056
32 5 60.067
32 5 60.077
31 5 60.09
32 5 60.101
32 5 60.112
32 5 60.125
32 5 60.138
32 5 60.148
32 5 60.16
32 5 60.171
32 5 60.182
32 5 60.194
32 5 60.205
32 5 60.217
32 5 60.228
31 5 60.239
32 5 60.252
32 5 60.264
32 5 60.274
32 5 60.286
32 5 60.297
32 5 60.309
32 5 60.322
32 5 60.332
32 5 60.344
32 5 60.357
32 5 60.369
32 5 60.38
32 5 60.392
32 5 60.404
32 5 60.414
31 5 60.424
32 5 60.436
32 5 60.447
32 5 60.458
32 5 60.471
32 5 60.481
32 5 60.494
32 5 60.505
32 5 60.516
32 5 60.528
32 5 60.54
32 5 60.55
32 5 60.562
32 5 60.574
32 5 60.587
32 5 60.599
32 5 60.611
32 5 60.622
32 5 60.635
32 5 60.646
32 5 60.657
32 5 60.669
32 5 60.682
32 5 60.695
32 5 60.706
32 6 60.718
32 8 60.731
32 9 60.741
32 9 60.753
32 9 60.763
32 11 60.773
32 11 60.786
32 12 60.797
32 12 60.81
32 13 60.822
32 14 60.833
31 16 60.843
32 16 60.855
32 17 60.866
32 18 60.876
32 19 60.889
32 20 60.899
32 22 60.911
31 22 60.922
32 23 60.933
32 22 60.946
32 23 60.957
32 25 60.969
32 25 60.982
32 25 60.995
32 26 61.007
32 27 61.019
31 28 61.029
32 28 61.042
32 29 61.053
32 29 61.064
32 30 61.074
32 31 61.087
32 32 61.097
31 32 61.11
31 32 61.12
32 32 61.131
32 32 61.141
32 32 61.154
32 32 61.166
32 32 61.177
31 32 61.19
31 32 61.2
31 32 61.212
32 32 61.223
32 32 61.233
31 32 61.245
31 32 61.257
32 32 61.267
32 32 61.279
32 32 61.291
32 32 61.303
32 32 61.314
32 32 61.326
31 32 61.336
31 32 61.347
32 32 61.358
32 32 61.37
32 32 61.38
32 32 61.392
32 31 61.403
32 31 61.414
32 31 61.427
32 31 61.439
32 30 61.449
32 30 61.461
32 30 61.472
31 30 61.483
32 29 61.495
32 29 61.506
32 29 61.516
32 29 61.527
32 28 61.539
32 28 61.551
31 28 61.562
32 28 61.574
32 27 61.584
32 27 61.596
31 27 61.607
31 27 61.617
32 26 61.628
32 26 61.639
32 26 61.649
31 26 61.661
31 25 61.672
31 25 61.682
31 25 61.695
31 25 61.706
32 24 61.716
32 24 61.729
32 24 61.741
31 24 61.751
32 23 61.764
32 23 61.776
32 23 61.789
32 23 61.8
32 22 61.813
32 22 61.823
32 22 61.835
32 22 61.845
32 21 61.857
31 21 61.867
31 21 61.879
31 21 61.889
32 20 61.9
31 20 61.911
32 20 61.922
32 20 61.933
32 19 61.945
32 19 61.958
31 19 61.968
31 19 61.981
32 18 61.994
32 18 62.004
32 18 62.015
32 18 62.026
32 17 62.039
32 17 62.05
32 17 62.063
32 17 62.075
32 17 62.086
32 17 62.098
32 17 62.111
32 17 62.121
32 16 62.132
32 16 62.142
32 16 62.152
32 16 62.163
32 15 62.174
32 15 62.186
32 15 62.198
32 15 62.209
32 14 62.219
32 14 62.232
32 14 62.244
31 14 62.257
32 13 62.268
32 13 62.28
32 13 62.292
32 13 62.302
32 12 62.315
32 12 62.326
32 12 62.337
32 12 62.349
32 11 62.359
32 11 62.37
31 11 62.38
31 11 62.392
32 10 62.404
32 10 62.417
32 10 62.428
32 10 62.441
32 9 62.453
32 9 62.466
31 9 62.477
31 9 62.487
32 8 62.498
32 8 62.51
32 8 62.521
32 8 62.534
32 7 62.544
32 7 62.554
32 7 62.566
32 7 62.576
32 6 62.587
32 6 62.599
31 6 62.611
31 6 62.621
32 5 62.634
32 5 62.646
32 5 62.658
32 5 62.669
32 4 62.681
32 4 62.691
32 4 62.702
32 4 62.715
32 4 62.725
31 5 62.736
32 6 62.749
31 6 62.759
32 7 62.77
32 7 62.782
31 8 62.793
32 9 62.805
32 9 62.818
31 10 62.829
31 10 62.839
31 11 62.849
32 11 62.862
32 12 62.875
32 13 62.886
32 14 62.899
32 13 62.909
32 14 62.921
32 14 62.931
32 15 62.943
32 15 62.956
32 16 62.968
32 17 62.98
32 18 62.993
32 18 63.003
31 19 63.016
31 20 63.027
31 20 63.038
32 20 63.049
32 20 63.061
32 20 63.071
32 20 63.084
32 20 63.096
32 20 63.106
32 20 63.116
31 20 63.127
32 19 63.138
31 19 63.15
31 19 63.163
31 19 63.175
32 18 63.186
32 18 63.196
32 18 63.206
32 18 63.219
32 17 63.231
32 17 63.242
32 17 63.254
32 17 63.267
32 16 63.277
32 16 63.288
31 16 63.299
31 16 63.31
32 15 63.321
32 15 63.331
32 15 63.341
32 15 63.352
32 14 63.363
32 14 63.376
32 14 63.386
31 14 63.396
32 13 63.406
32 13 63.419
32 13 63.43
31 13 63.441
32 12 63.453
32 12 63.465
32 12 63.478
32 12 63.488
32 11 63.498
32 11 63.511
32 11 63.521
32 11 63.531
32 10 63.544
32 10 63.554
32 10 63.567
32 10 63.578
32 10 63.588
32 10 63.599
32 10 63.61
31 10 63.621
32 10 63.631
31 10 63.641
31 10 63.651
31 10 63.663
32 9 63.675
31 9 63.687
31 9 63.698
31 9 63.71
32 8 63.721
32 8 63.733
32 8 63.746
32 8 63.756
32 7 63.768
32 7 63.781
31 7 63.791
31 7 63.804
32 6 63.816
32 6 63.827
32 6 63.837
31 6 63.848
32 5 63.858
32 5 63.87
32 5 63.881
32 5 63.893
32 5 63.904
31 5 63.914
31 5 63.924
31 5 63.935
32 5 63.947
32 5 63.957
32 5 63.968
31 5 63.978
32 5 63.99
31 5 64.003
31 5 64.013
31 5 64.024
32 5 64.036
32 5 64.047
31 5 64.059
32 5 64.072
32 5 64.084
32 5 64.096
32 5 64.106
32 5 64.119
32 5 64.131
32 5 64.143
31 5 64.155
31 5 64.168
32 5 64.179
32 5 64.19
31 5 64.203
31 5 64.213
32 5 64.223
32 5 64.234
32 5 64.246
32 5 64.257
32 5 64.27
32 5 64.281
31 5 64.291
31 5 64.304
32 5 64.314
32 5 64.324
32 5 64.337
32 5 64.35
32 5 64.362
32 5 64.374
32 5 64.387
32 5 64.398
32 5 64.408
32 5 64.419
31 5 64.431
31 5 64.441
32 5 64.453
32 5 64.464
32 5 64.474
32 5 64.487
32 5 64.497
32 5 64.508
32 5 64.52
32 5 64.531
32 5 64.541
32 5 64.551
32 5 64.562
32 5 64.573
32 5 64.583
32 5 64.594
32 5 64.605
32 5 64.615
32 5 64.626
32 5 64.637
32 5 64.648
32 5 64.658
32 5 64.67
32 5 64.68
32 5 64.69
32 5 64.701
32 5 64.711
32 5 64.721
32 5 64.732
32 5 64.743
32 5 64.754
31 5 64.764
31 5 64.774
31 5 64.786
32 5 64.798
32 5 64.809
31 5 64.821
31 5 64.831
32 5 64.842
32 5 64.854
32 5 64.865
32 5 64.876
32 5 64.886
32 5 64.898
32 5 64.91
32 5 64.923
32 6 64.935
31 7 64.946
31 8 64.957
31 9 64.97
32 9 64.981
31 10 64.992
31 10 65.004
31 12 65.017
32 12 65.028
31 13 65.038
32 14 65.05
32 15 65.061
32 15 65.074
32 16 65.085
32 17 65.096
31 18 65.107
32 17 65.12
32 18 65.131
32 19 65.143
32 20 65.156
32 20 65.167
32 21 65.177
32 22 65.189
32 23 65.201
32 23 65.213
32 24 65.225
32 25 65.235
32 26 65.248
32 27 65.259
32 28 65.271
32 29 65.283
32 31 65.294
32 31 65.306
31 32 65.319
31 32 65.329
32 32 65.341
32 32 65.353
32 32 65.365
31 32 65.378
31 32 65.39
32 32 65.403
32 32 65.415
32 32 65.427
32 32 65.44
32 32 65.453
32 32 65.466
32 32 65.477
32 32 65.488
32 32 65.501
32 32 65.511
32 32 65.524
32 32 65.535
32 32 65.546
32 32 65.557
32 32 65.568
32 32 65.578
32 32 65.591
32 32 65.602
32 32 65.613
31 32 65.625
32 31 65.637
31 31 65.65
31 31 65.66
31 31 65.673
32 30 65.684
32 30 65.696
32 30 65.708
31 30 65.721
32 29 65.733
32 29 65.745
31 29 65.757
32 29 65.767
32 28 65.778
31 28 65.791
31 28 65.801
31 28 65.812
32 27 65.824
32 27 65.837
32 27 65.85
32 27 65.861
32 26 65.873
32 26 65.886
32 26 65.898
32 26 65.91
32 25 65.923
32 25 65.935
31 25 65.946
31 25 65.957
31 24 65.967
32 24 65.978
31 24 65.991
32 24 66.003
32 23 66.013
31 23 66.026
31 23 66.038
32 23 66.049
32 22 66.061
32 22 66.073
32 22 66.085
32 22 66.098
32 22 66.109
32 22 66.121
31 22 66.132
31 22 66.144
32 21 66.155
32 21 66.165
32 21 66.175
32 21 66.186
32 20 66.196
32 20 66.207
31 20 66.219
31 20 66.229
32 19 66.242
32 19 66.253
32 19 66.263
31 19 66.276
32 18 66.287
32 18 66.297
32 18 66.309
32 18 66.322
32 17 66.334
32 17 66.345
32 17 66.356
32 17 66.368
32 16 66.379
32 16 66.39
32 16 66.402
32 16 66.413
32 15 66.425
32 15 66.436
31 15 66.447
31 15 66.457
32 14 66.468
32 14 66.479
32 14 66.49
32 14 66.502
32 13 66.514
32 13 66.527
32 13 66.539
32 13 66.549
32 12 66.561
32 12 66.573
32 12 66.583
32 12 66.595
32 11 66.606
31 11 66.618
31 11 66.63
31 11 66.642
32 10 66.655
31 10 66.667
31 10 66.679
31 10 66.689
32 9 66.7
32 9 66.712
31 9 66.724
31 9 66.735
32 8 66.747
32 8 66.759
32 8 66.77
32 8 66.78
32 7 66.793
32 7 66.805
32 7 66.817
32 7 66.828
32 6 66.84
32 6 66.851
32 6 66.863
31 6 66.875
32 5 66.886
32 5 66.897
32 5 66.91
32 5 66.921
32 4 66.933
32 4 66.944
32 4 66.956
32 4 66.968
32 5 66.979
32 6 66.992
31 7 67.002
31 8 67.014
32 8 67.026
32 10 67.037
32 11 67.049
32 12 67.061
32 12 67.072
31 13 67.084
31 13 67.095
30 14 67.107
31 14 67.119
30 15 67.13
29 16 67.142
28 17 67.153
28 18 67.164
27 19 67.174
26 20 67.187
25 20 67.198
25 20 67.21
24 20 67.22
23 20 67.232
22 20 67.245
22 20 67.256
21 20 67.266
20 20 67.279
19 20 67.289
19 20 67.299
18 20 67.312
17 20 67.324
16 20 67.337
16 20 67.348
15 20 67.359
14 20 67.369
13 20 67.38
13 19 67.391
12 19 67.402
11 19 67.413
10 19 67.423
10 18 67.433
9 18 67.444
8 18 67.456
7 18 67.466
7 17 67.477
6 17 67.487
5 17 67.498
4 17 67.509
4 16 67.521
3 16 67.532
2 16 67.543
1 16 67.553
1 15 67.564
0 15 67.575
0 14 67.585
0 13 67.597
0 12 67.607
0 11 67.618
0 10 67.628
0 9 67.638
0 8 67.648
0 7 67.659
0 6 67.671
0 7 67.683
0 7 67.696
0 7 67.707
0 7 67.718
0 7 67.731
0 7 67.744
0 7 67.756
0 8 67.766
0 7 67.778
0 6 67.788
0 5 67.799
0 5 67.812
0 5 67.824
0 4 67.835
0 5 67.847
0 5 67.857
0 5 67.868
0 5 67.879
0 4 67.891
0 5 67.902
0 5 67.913
0 5 67.925
0 5 67.936
0 5 67.948
0 5 67.961
0 5 67.974
0 5 67.984
0 5 67.997
0 5 68.01
0 5 68.02
0 5 68.033
0 5 68.046
0 4 68.056
0 4 68.066
0 5 68.079
0 5 68.091
0 5 68.103
0 6 68.115
0 6 68.128
0 6 68.138
0 5 68.151
0 5 68.164
0 6 68.176
0 6 68.187
0 5 68.198
0 6 68.208
0 6 68.218
0 5 68.229
0 4 68.241
0 3 68.251
0 2 68.261
0 1 68.274
0 0 68.285
