0 0.048
0.2 0.093
0.1725 0.14
0.19675 0.187
0.234125 0.235
0.275687 0.283
0.312406 0.33
0.345484 0.378
0.386383 0.424
0.419512 0.471
0.456416 0.517
0.486538 0.56
0.506184 0.607
0.54555 0.653
0.576254 0.699
0.618116 0.745
0.659053 0.792
0.692774 0.838
0.71701 0.879
0.751817 0.924
0.777564 0.967
0.81211 1.014
0.845969 1.057
0.874942 1.103
0.911949 1.151
0.934214 1.199
0.971477 1.249
1.01692 1.296
1.00605 1.344
0.984323 1.39
1.16851 1.434
1.15443 1.481
0.922554 1.526
0.692946 1.571
0.521308 1.62
0.403321 1.664
0.330494 1.708
0.288664 1.756
0.26129 1.801
0.246624 1.846
0.240802 1.894
0.237156 1.94
0.237456 1.984
0.235289 2.029
0.232925 2.076
0.232822 2.122
0.231731 2.169
0.230706 2.214
0.230023 2.261
0.234096 2.305
0.233006 2.352
0.231774 2.398
0.231751 2.448
0.237944 2.49
0.235938 2.537
0.276236 2.584
0.339001 2.629
0.384692 2.673
0.418442 2.719
0.459019 2.766
0.506909 2.814
0.552654 2.855
0.586677 2.9
0.620013 2.949
0.663594 2.992
0.699841 3.041
0.741192 3.086
0.772732 3.132
0.809434 3.177
0.831001 3.224
0.866392 3.269
0.892142 3.315
0.925044 3.361
0.960009 3.407
0.989248 3.455
1.03075 3.505
1.07468 3.55
1.109 3.597
1.13908 3.641
1.17008 3.685
1.19731 3.731
1.23179 3.773
1.25621 3.817
1.29076 3.865
1.32496 3.913
1.36777 3.957
1.40128 4
1.42909 4.043
1.46352 4.091
1.50275 4.136
1.53962 4.177
1.55593 4.221
1.53103 4.267
1.50279 4.311
1.48779 4.36
1.48209 4.408
1.69645 4.453
1.96067 4.5
1.59406 4.547
1.16064 4.593
0.823128 4.638
0.591967 4.685
0.442685 4.731
0.353193 4.777
0.300772 4.825
0.268974 4.872
0.252193 4.917
0.243743 4.958
0.241195 5
0.239009 5.046
0.235461 5.094
0.230458 5.14
0.226865 5.186
0.232501 5.229
0.234284 5.275
0.233409 5.32
0.232321 5.366
0.229719 5.41
0.229639 5.456
0.26818 5.501
0.33077 5.546
0.387225 5.592
0.435033 5.642
0.485976 5.688
0.522718 5.734
0.561974 5.779
0.596545 5.826
0.634051 5.873
0.670415 5.919
0.701652 5.965
0.740798 6.012
0.774135 6.058
0.802936 6.104
0.829652 6.15
0.861168 6.196
0.888255 6.239
0.923713 6.284
0.958149 6.329
0.985971 6.377
1.01543 6.42
1.03819 6.467
1.07508 6.514
1.11828 6.558
1.15276 6.603
1.18594 6.649
1.21575 6.693
1.25102 6.74
1.28008 6.786
1.31832 6.835
1.35555 6.881
1.39047 6.927
1.42608 6.975
1.45872 7.023
1.4892 7.068
1.52402 7.114
1.55697 7.155
1.53846 7.2
1.52947 7.25
1.51886 7.298
1.50574 7.342
1.71321 7.388
2.00253 7.438
1.60223 7.482
1.14109 7.528
0.790037 7.572
0.563514 7.62
0.498259 7.663
0.492381 7.704
0.507316 7.75
0.539721 7.797
0.578392 7.842
0.616212 7.886
0.646864 7.931
0.687561 7.975
0.724095 8.023
0.764955 8.07
0.812181 8.115
0.847692 8.162
0.884397 8.208
0.916974 8.251
0.942875 8.302
0.968131 8.347
0.991413 8.394
0.99738 8.441
0.979027 8.487
0.960932 8.53
1.27451 8.576
1.09077 8.622
0.829897 8.667
0.615204 8.712
0.464729 8.757
0.366178 8.804
0.306246 8.849
0.272201 8.894
0.25239 8.939
0.24109 8.987
0.237847 9.025
0.237272 9.067
0.234561 9.113
0.229242 9.159
0.224852 9.205
0.223542 9.251
0.231713 9.297
0.238328 9.347
0.243899 9.396
0.247317 9.44
0.242593 9.486
0.239513 9.529
0.279615 9.575
0.328987 9.623
0.384583 9.67
0.435086 9.717
0.486191 9.765
0.537169 9.811
0.573371 9.857
0.616829 9.903
0.662736 9.952
0.700529 9.999
0.735845 10.048
0.776713 10.093
0.812752 10.14
0.858073 10.181
0.887135 10.224
0.918617 10.272
0.948583 10.32
0.986429 10.363
1.01878 10.412
1.05593 10.462
1.10173 10.509
1.14275 10.553
1.17432 10.598
1.20988 10.642
1.2423 10.691
1.26533 10.736
1.29476 10.785
1.32517 10.831
1.36673 10.881
1.40594 10.927
1.44526 10.974
1.48102 11.02
1.52171 11.064
1.5602 11.106
1.59028 11.154
1.56322 11.2
1.52591 11.246
1.51485 11.291
1.50462 11.338
1.49741 11.382
1.4885 11.426
1.8311 11.471
1.93448 11.517
1.53245 11.564
1.10533 11.61
0.777719 11.654
0.558386 11.7
0.420456 11.747
0.33761 11.793
0.290496 11.837
0.264343 11.884
0.247374 11.93
0.238788 11.974
0.235843 12.019
0.233396 12.067
0.232961 12.114
0.233362 12.157
0.23224 12.202
0.23015 12.246
0.22959 12.29
0.230802 12.334
0.230655 12.38
0.227201 12.425
0.225287 12.472
0.228737 12.518
0.231915 12.561
0.230231 12.61
0.233502 12.658
0.237944 12.704
0.236319 12.749
0.276833 12.796
0.335253 12.839
0.381795 12.882
0.434232 12.932
0.479783 12.98
0.531225 13.024
0.565029 13.072
0.600973 13.117
0.632716 13.164
0.667972 13.208
0.704044 13.254
0.73405 13.3
0.77779 13.343
0.812277 13.385
0.83958 13.428
0.87026 13.471
0.906866 13.514
0.9328 13.56
0.946084 13.607
0.980634 13.651
1.01336 13.693
1.0332 13.738
1.06561 13.784
1.10131 13.832
1.14016 13.874
1.17133 13.916
1.20929 13.956
1.23046 14.006
1.27664 14.052
1.31927 14.1
1.36711 14.144
1.39829 14.191
1.44327 14.239
1.48369 14.28
1.51488 14.327
1.5442 14.373
1.52748 14.415
1.49643 14.463
1.47931 14.51
1.46345 14.557
1.45613 14.603
1.66786 14.648
1.93433 14.694
1.57662 14.742
1.15028 14.789
0.814129 14.835
0.584558 14.881
0.438526 14.928
0.350636 14.975
0.299755 15.021
0.270096 15.067
0.253157 15.113
0.243633 15.16
0.238344 15.207
0.235436 15.253
0.23385 15.298
0.233491 15.345
0.233212 15.393
0.23434 15.436
0.235053 15.483
0.233218 15.531
0.235763 15.572
0.236055 15.617
0.235364 15.663
0.231514 15.706
0.231091 15.755
0.228463 15.801
0.233273 15.849
0.237907 15.896
0.239089 15.945
0.246862 15.992
0.24384 16.037
0.239966 16.085
0.29046 16.131
0.353719 16.18
0.400104 16.226
0.443674 16.275
0.473148 16.32
0.49798 16.368
0.532193 16.416
0.562198 16.463
0.596649 16.51
0.6391 16.554
0.676188 16.602
0.724413 16.65
0.770866 16.693
0.801763 16.736
0.825796 16.78
0.846355 16.825
0.878156 16.875
0.916318 16.921
0.952528 16.966
0.978699 17.014
1.01782 17.059
1.04939 17.106
1.08644 17.154
1.12609 17.199
1.15073 17.246
1.17971 17.292
1.21353 17.336
1.2411 17.382
1.27947 17.427
1.30369 17.475
1.34133 17.521
1.37615 17.567
1.40532 17.614
1.43628 17.66
1.47245 17.703
1.46913 17.749
1.44377 17.79
1.41124 17.838
1.39529 17.884
1.61256 17.931
1.83824 17.975
1.4931 18.021
1.08754 18.065
0.774013 18.107
0.561379 18.153
0.423375 18.198
0.338531 18.245
0.287187 18.291
0.257554 18.339
0.250297 18.384
0.242408 18.434
0.245084 18.48
0.241982 18.525
0.238021 18.569
0.238026 18.613
0.23652 18.662
0.234764 18.709
0.232134 18.758
0.236441 18.805
0.241158 18.853
0.247047 18.9
0.243758 18.943
0.242262 18.991
0.240322 19.04
0.295315 19.089
0.357485 19.138
0.413406 19.184
0.461035 19.228
0.501683 19.274
0.543175 19.32
0.585004 19.363
0.61821 19.408
0.651959 19.45
0.676907 19.494
0.704917 19.54
0.73444 19.588
0.776711 19.632
0.810851 19.678
0.846923 19.723
0.86821 19.771
0.90323 19.818
0.937427 19.862
0.98162 19.905
1.01826 19.953
1.05686 19.998
1.07754 20.043
1.11133 20.092
1.14594 20.139
1.17161 20.185
1.20912 20.232
1.25397 20.277
1.28744 20.321
1.3147 20.367
1.35459 20.413
1.39441 20.457
1.43202 20.501
1.47166 20.546
1.49341 20.59
1.51474 20.638
1.54814 20.685
1.53396 20.731
1.51617 20.778
1.49843 20.824
1.48839 20.87
1.48053 20.917
1.8106 20.963
1.90796 21.01
1.51332 21.056
1.09432 21.103
0.773995 21.149
0.558414 21.196
0.422415 21.242
0.341562 21.29
0.292958 21.336
0.266568 21.381
0.252078 21.426
0.244436 21.474
0.23852 21.517
0.237609 21.563
0.234729 21.608
0.232577 21.651
0.230895 21.696
0.2305 21.743
0.230224 21.787
0.228125 21.832
0.226569 21.877
0.228031 21.92
0.227142 21.967
0.226134 22.01
0.225849 22.059
0.229784 22.105
0.231571 22.151
0.235625 22.198
0.235483 22.245
0.240326 22.294
0.240206 22.342
0.289874 22.387
0.346573 22.433
0.403604 22.48
0.452461 22.526
0.49556 22.57
0.536445 22.615
0.569305 22.656
0.598194 22.701
0.617367 22.749
0.654819 22.793
0.684727 22.838
0.720022 22.887
0.762341 22.928
0.790335 22.97
0.82225 23.018
0.870416 23.061
0.897354 23.107
0.925 23.15
0.952161 23.196
0.987411 23.241
1.02312 23.284
1.05252 23.333
1.08949 23.377
1.12061 23.422
1.16224 23.468
1.20583 23.509
1.22928 23.555
1.26182 23.598
1.29875 23.641
1.32904 23.687
1.36386 23.73
1.39835 23.776
1.43263 23.822
1.4683 23.862
1.49364 23.908
1.52756 23.956
1.5084 24.003
1.48326 24.05
1.47491 24.096
1.47035 24.141
1.46162 24.189
1.67109 24.238
1.95643 24.287
1.56716 24.335
1.1153 24.378
0.773762 24.424
0.551437 24.471
0.494941 24.521
0.511331 24.564
0.540346 24.611
0.576763 24.654
0.616427 24.697
0.651736 24.74
0.675129 24.785
0.709945 24.83
0.747913 24.878
0.786177 24.927
0.829948 24.971
0.860654 25.014
0.886667 25.063
0.923004 25.107
0.950087 25.155
0.991836 25.199
1.00981 25.245
0.986855 25.29
0.964902 25.338
0.949188 25.382
1.27023 25.428
1.08868 25.474
0.828372 25.523
0.611952 25.571
0.462359 25.614
0.368121 25.658
0.311531 25.704
0.277001 25.745
0.260618 25.789
0.248868 25.833
0.237713 25.88
0.230967 25.926
0.227039 25.969
0.227797 26.014
0.228537 26.059
0.229338 26.108
0.231704 26.155
0.232869 26.204
0.241193 26.248
0.240226 26.295
0.241428 26.344
0.240371 26.386
0.239857 26.432
0.239014 26.48
0.284964 26.528
0.345211 26.573
0.40147 26.617
0.452917 26.665
0.4993 26.711
0.53732 26.757
0.571995 26.803
0.611415 26.847
0.639417 26.893
0.675313 26.939
0.690709 26.982
0.71288 27.03
0.739703 27.077
0.775733 27.12
0.804557 27.165
0.838874 27.214
0.883235 27.262
0.916766 27.306
0.942458 27.354
0.981766 27.398
1.01365 27.446
1.03596 27.494
1.0628 27.539
1.09756 27.583
1.12661 27.625
1.15272 27.668
1.18607 27.714
1.22864 27.76
1.26187 27.806
1.28621 27.856
1.32549 27.901
1.36069 27.945
1.40032 27.988
1.42989 28.033
1.46007 28.08
1.45484 28.125
1.43058 28.168
1.40436 28.213
1.38947 28.26
1.60559 28.308
1.82372 28.353
1.47933 28.398
1.07939 28.447
0.765063 28.493
0.554215 28.54
0.421699 28.586
0.340645 28.629
0.29447 28.675
0.268559 28.72
0.252442 28.766
0.242552 28.81
0.236941 28.856
0.233138 28.9
0.230485 28.947
0.230034 28.995
0.232163 29.039
0.231905 29.086
0.232614 29.132
0.235138 29.178
0.233484 29.226
0.23245 29.27
0.231829 29.314
0.232862 29.362
0.231957 29.408
0.231242 29.455
0.230989 29.499
0.230929 29.545
0.233247 29.59
0.232482 29.638
0.232312 29.685
0.231691 29.736
0.241613 29.781
0.24144 29.832
0.306037 29.878
0.375677 29.927
0.437668 29.975
0.479998 30.023
0.522082 30.068
0.561082 30.115
0.592312 30.156
0.620041 30.204
0.657963 30.25
0.684703 30.297
0.725462 30.341
0.755786 30.387
0.793921 30.432
0.832224 30.475
0.863994 30.518
0.895688 30.563
0.932189 30.609
0.968267 30.657
1.01147 30.702
1.03915 30.749
1.07079 30.793
1.104 30.84
1.1393 30.888
1.17655 30.936
1.21398 30.985
1.25559 31.032
1.28409 31.077
1.3202 31.12
1.34492 31.168
1.38862 31.214
1.43064 31.26
1.47424 31.306
1.51133 31.35
1.54052 31.393
1.55944 31.44
1.55056 31.484
1.52245 31.526
1.49014 31.574
1.48161 31.618
1.47833 31.668
1.47642 31.711
1.81208 31.762
1.93023 31.807
1.50771 31.852
1.0619 31.897
0.733972 31.942
0.534725 31.986
0.478732 32.031
0.4878 32.078
0.516868 32.123
0.549167 32.169
0.589701 32.211
0.625409 32.255
0.659234 32.303
0.690881 32.349
0.725073 32.395
0.758353 32.439
0.789834 32.485
0.820996 32.534
0.862788 32.582
0.909539 32.626
0.945592 32.672
0.976957 32.718
1.01206 32.762
1.00032 32.806
0.971805 32.851
0.950225 32.899
1.2657 32.948
1.0834 32.994
0.82347 33.04
0.609621 33.087
0.461254 33.128
0.371348 33.173
0.315285 33.218
0.279198 33.265
0.255877 33.31
0.243327 33.355
0.237219 33.4
0.233137 33.444
0.230055 33.489
0.22977 33.533
0.228007 33.58
0.227693 33.627
0.229941 33.671
0.228268 33.718
0.231783 33.764
0.234966 33.812
0.23627 33.86
0.237029 33.907
0.240711 33.955
0.241954 34
0.298026 34.046
0.364788 34.093
0.421281 34.139
0.462334 34.185
0.505764 34.232
0.53893 34.278
0.580739 34.323
0.608757 34.368
0.634822 34.412
0.664133 34.455
0.690177 34.502
0.724894 34.55
0.7526 34.599
0.796626 34.648
0.843726 34.693
0.88232 34.741
0.916388 34.786
0.953808 34.83
0.979961 34.875
1.00101 34.919
1.00577 34.965
1.02727 35.01
1.06807 35.053
1.10976 35.096
1.14399 35.144
1.19055 35.19
1.2298 35.237
1.26316 35.285
1.29496 35.33
1.32817 35.375
1.36793 35.421
1.40739 35.463
1.43266 35.508
1.46406 35.551
1.48564 35.594
1.50588 35.638
1.53772 35.685
1.52175 35.732
1.50957 35.777
1.49263 35.82
1.47574 35.867
1.69216 35.915
1.95222 35.962
1.58668 36.01
1.15463 36.057
0.814207 36.104
0.5848 36.149
0.441998 36.199
0.352798 36.244
0.303049 36.292
0.272849 36.34
0.255337 36.386
0.246712 36.431
0.244084 36.477
0.239906 36.521
0.239135 36.567
0.237409 36.615
0.233375 36.663
0.235602 36.707
0.233344 36.758
0.241901 36.801
0.238315 36.849
0.236339 36.896
0.235579 36.943
0.238335 36.991
0.237395 37.038
0.279334 37.086
0.336735 37.132
0.392152 37.18
0.453718 37.225
0.50593 37.268
0.544751 37.315
0.568268 37.364
0.60808 37.414
0.639763 37.458
0.673743 37.504
0.708302 37.553
0.739867 37.602
0.784291 37.648
0.823574 37.692
0.854752 37.738
0.897608 37.783
0.93392 37.831
0.972768 37.881
1.01804 37.926
1.0491 37.972
1.08734 38.021
1.11406 38.068
1.14923 38.116
1.18846 38.163
1.22241 38.209
1.25954 38.255
1.29444 38.3
1.3243 38.345
1.35044 38.395
1.38712 38.441
1.42051 38.486
1.44848 38.528
1.4771 38.574
1.50048 38.618
1.52946 38.664
1.55734 38.713
1.55972 38.766
1.56864 38.815
1.55621 38.86
1.53305 38.907
1.5135 38.954
1.85401 39
1.95189 39.046
1.54839 39.091
1.11816 39.138
0.788817 39.185
0.567026 39.232
0.427072 39.279
0.342815 39.322
0.295297 39.365
0.269344 39.414
0.251269 39.459
0.242183 39.505
0.236616 39.554
0.239046 39.598
0.239392 39.645
0.235511 39.691
0.234598 39.737
0.23372 39.783
0.234149 39.828
0.232469 39.874
0.231932 39.922
0.232867 39.968
0.232634 40.017
0.236667 40.066
0.243009 40.109
0.239167 40.156
0.237665 40.199
0.237873 40.243
0.238707 40.288
0.273968 40.331
0.321792 40.381
0.378549 40.426
0.430852 40.475
0.483714 40.52
0.533251 40.565
0.556823 40.611
0.59651 40.657
0.626554 40.702
0.663177 40.748
0.690788 40.791
0.705994 40.836
0.737797 40.882
0.775798 40.929
0.813099 40.971
0.8404 41.018
0.880375 41.062
0.912525 41.105
0.946931 41.15
0.9833 41.196
1.00482 41.242
1.03999 41.289
1.07279 41.334
1.10479 41.382
1.14859 41.428
1.1794 41.475
1.22025 41.521
1.26315 41.567
1.30259 41.614
1.34805 41.66
1.38215 41.706
1.41339 41.752
1.4536 41.795
1.475 41.841
1.49585 41.887
1.54235 41.934
1.55564 41.98
1.5363 42.027
1.51539 42.068
1.48932 42.113
1.47322 42.157
1.68883 42.205
1.96327 42.252
1.59732 42.296
1.16125 42.342
0.818419 42.39
0.583357 42.437
0.437502 42.485
0.349163 42.531
0.297037 42.579
0.267497 42.625
0.253487 42.671
0.245863 42.712
0.244491 42.762
0.237776 42.811
0.235873 42.857
0.234429 42.902
0.233468 42.946
0.236357 42.991
0.236367 43.036
0.236528 43.082
0.233686 43.126
0.231304 43.171
0.228883 43.218
0.281326 43.261
0.332855 43.306
0.390524 43.353
0.43856 43.401
0.484929 43.448
0.516289 43.494
0.552057 43.538
0.583984 43.583
0.61922 43.631
0.663974 43.675
0.706919 43.717
0.740676 43.758
0.761446 43.804
0.792277 43.853
0.830915 43.897
0.860596 43.942
0.894117 43.989
0.921218 44.035
0.957689 44.081
0.993384 44.128
1.02996 44.179
1.07987 44.228
1.12113 44.269
1.15016 44.313
1.17513 44.359
1.21234 44.404
1.24231 44.448
1.27672 44.493
1.30339 44.539
1.32871 44.583
1.34712 44.629
1.38169 44.676
1.42041 44.721
1.45024 44.766
1.47913 44.813
1.52008 44.86
1.54979 44.907
1.54052 44.955
1.52207 44.998
1.50069 45.043
1.48518 45.089
1.69617 45.132
1.96838 45.177
1.60209 45.226
1.16249 45.272
0.81847 45.318
0.585097 45.364
0.43623 45.409
0.347955 45.451
0.300398 45.497
0.269659 45.54
0.25231 45.586
0.240395 45.63
0.233317 45.675
0.230349 45.722
0.229519 45.769
0.234182 45.814
0.232552 45.859
0.232507 45.903
0.230388 45.96
0.244127 45.99
0.244597 46.038
0.237315 46.084
0.231666 46.128
0.228587 46.176
0.231421 46.223
0.271647 46.267
0.321542 46.312
0.36288 46.355
0.404245 46.403
0.451775 46.449
0.490463 46.495
0.52502 46.539
0.565154 46.581
0.596649 46.63
0.63911 46.677
0.681948 46.723
0.716171 46.769
0.752434 46.815
0.790641 46.861
0.827532 46.906
0.856372 46.949
0.894239 46.992
0.913396 47.035
0.936586 47.081
0.966737 47.128
0.997591 47.175
1.04066 47.219
1.08276 47.267
1.12934 47.309
1.15916 47.353
1.19082 47.399
1.21903 47.447
1.26208 47.491
1.29782 47.539
1.3343 47.584
1.36484 47.632
1.39727 47.68
1.43506 47.727
1.47249 47.775
1.50348 47.82
1.5361 47.867
1.56048 47.911
1.54021 47.954
1.51359 48.002
1.49929 48.05
1.49564 48.098
1.70257 48.148
1.97291 48.195
1.60452 48.241
1.17254 48.288
0.831661 48.334
0.599026 48.381
0.451611 48.43
0.359104 48.476
0.304951 48.524
0.273425 48.574
0.259238 48.623
0.253882 48.668
0.248309 48.712
0.245339 48.756
0.244262 48.801
0.243427 48.845
0.241612 48.89
0.236255 48.934
0.231352 48.981
0.230064 49.026
0.228476 49.072
0.23021 49.118
0.231341 49.162
0.230788 49.207
0.229835 49.252
0.228638 49.301
0.231459 49.348
0.233049 49.392
0.232685 49.444
0.242422 49.491
0.246501 49.537
0.241356 49.583
0.295625 49.627
0.357786 49.673
0.41388 49.723
0.472183 49.773
0.523713 49.819
0.564418 49.865
0.597989 49.91
0.632635 49.956
0.661637 50.003
0.682229 50.049
0.706569 50.096
0.748012 50.141
0.78412 50.188
0.819617 50.232
0.844087 50.278
0.876933 50.325
0.918161 50.369
0.951678 50.414
0.984387 50.457
1.01547 50.503
1.04487 50.549
1.08325 50.594
1.12054 50.64
1.15547 50.686
1.18809 50.731
1.22472 50.777
1.2637 50.824
1.30127 50.87
1.33809 50.917
1.36553 50.962
1.40625 51.008
1.43662 51.054
1.46606 51.095
1.4944 51.143
1.54114 51.188
1.54204 51.235
1.52325 51.281
1.49899 51.33
1.50318 51.374
1.49318 51.421
1.48489 51.469
1.69855 51.512
1.99532 51.562
1.59719 51.606
1.13536 51.654
0.78156 51.703
0.557589 51.748
0.492449 51.79
0.491302 51.836
0.51744 51.879
0.549364 51.925
0.584254 51.969
0.623913 52.012
0.66385 52.06
0.701371 52.106
0.742159 52.156
0.786066 52.204
0.817776 52.251
0.85251 52.299
0.888316 52.345
0.924438 52.392
0.956109 52.44
0.9885 52.485
1.02447 52.53
1.01335 52.577
0.986729 52.626
0.964143 52.668
1.28643 52.712
1.1029 52.759
0.837039 52.802
0.620565 52.847
0.469555 52.892
0.368164 52.938
0.305775 52.984
0.270734 53.029
0.24954 53.076
0.240934 53.119
0.235135 53.165
0.231652 53.212
0.230534 53.258
0.231121 53.303
0.230383 53.348
0.23103 53.397
0.235184 53.445
0.236927 53.493
0.239381 53.539
0.240399 53.585
0.241054 53.633
0.238704 53.679
0.297441 53.726
0.360765 53.772
0.410904 53.82
0.460463 53.868
0.498987 53.916
0.540371 53.963
0.582625 54.008
0.616282 54.055
0.645876 54.098
0.658305 54.144
0.689336 54.192
0.73026 54.239
0.778676 54.287
0.818111 54.334
0.861692 54.378
0.893414 54.425
0.922241 54.473
0.958638 54.523
1.00608 54.569
1.03867 54.614
1.0704 54.66
1.09648 54.705
1.12813 54.753
1.16626 54.794
1.18923 54.843
1.22866 54.888
1.26461 54.933
1.29319 54.979
1.32779 55.024
1.35949 55.07
1.39504 55.114
1.43142 55.157
1.45566 55.204
1.48955 55.248
1.52164 55.292
1.54875 55.341
1.54359 55.388
1.53815 55.435
1.52026 55.481
1.50522 55.526
1.4904 55.572
1.71355 55.618
1.9782 55.664
1.60781 55.71
1.17051 55.756
0.82531 55.801
0.590682 55.848
0.441104 55.894
0.350934 55.942
0.297158 55.987
0.267924 56.033
0.250885 56.078
0.242904 56.124
0.237683 56.173
0.234726 56.219
0.234555 56.268
0.238374 56.315
0.241485 56.359
0.238343 56.406
0.237722 56.451
0.236886 56.495
0.237956 56.544
0.289472 56.591
0.353733 56.636
0.419115 56.683
0.472682 56.728
0.508653 56.774
0.544733 56.819
0.589319 56.865
0.619886 56.909
0.648306 56.954
0.675335 57.001
0.708758 57.045
0.749925 57.089
0.787735 57.136
0.828504 57.179
0.85882 57.224
0.895694 57.268
0.928239 57.313
0.967316 57.362
1.01226 57.407
1.05618 57.451
1.09436 57.495
1.10982 57.543
1.13198 57.588
1.16677 57.637
1.21553 57.683
1.24234 57.725
1.2607 57.771
1.29362 57.819
1.32319 57.865
1.36404 57.911
1.39799 57.954
1.42523 58.003
1.46623 58.049
1.50268 58.096
1.54637 58.138
1.54295 58.184
1.52911 58.231
1.50737 58.277
1.49209 58.321
1.47675 58.367
1.47073 58.412
1.80419 58.461
1.92576 58.506
1.50621 58.555
1.05902 58.601
0.730718 58.646
0.528755 58.689
0.465576 58.738
0.471637 58.781
0.493243 58.829
0.535584 58.872
0.561273 58.914
0.593127 58.958
0.625059 59.003
0.643277 59.05
0.680012 59.093
0.701693 59.14
0.73344 59.183
0.758767 59.225
0.787157 59.273
0.834465 59.318
0.872926 59.366
0.91081 59.41
0.940328 59.455
0.966376 59.497
0.987794 59.541
0.9687 59.586
1.1427 59.634
1.00952 59.681
0.949099 59.73
0.749718 59.775
0.570193 59.82
0.441264 59.866
0.358215 59.912
0.306399 59.96
0.275096 60.004
0.256496 60.049
0.244972 60.093
0.239098 60.135
0.236605 60.177
0.235581 60.221
0.230679 60.263
0.227534 60.305
0.224364 60.348
0.219981 60.394
0.221841 60.438
0.221096 60.485
0.227386 60.532
0.235112 60.579
0.241015 60.623
0.236987 60.669
0.236984 60.719
0.239987 60.763
0.291741 60.81
0.357494 60.856
0.414059 60.904
0.465935 60.952
0.506921 61.002
0.552187 61.05
0.586457 61.097
0.62641 61.14
0.659796 61.187
0.695943 61.235
0.740244 61.283
0.772259 61.329
0.802697 61.374
0.834883 61.423
0.875458 61.472
0.914738 61.519
0.942623 61.565
0.969689 61.611
1.00503 61.66
1.04261 61.707
1.08035 61.748
1.1042 61.792
1.13886 61.838
1.16906 61.884
1.20285 61.93
1.24208 61.975
1.28212 62.019
1.3126 62.065
1.34982 62.112
1.39467 62.157
1.42996 62.204
1.46705 62.251
1.50906 62.298
1.54579 62.342
1.57953 62.39
1.58733 62.437
1.5552 62.483
1.52862 62.53
1.50857 62.577
1.49641 62.623
1.49377 62.669
1.72335 62.715
2.01416 62.761
1.61057 62.807
1.14328 62.851
0.789639 62.899
0.561071 62.942
0.497411 62.985
0.496393 63.029
0.52229 63.072
0.556942 63.115
0.589119 63.137
0.590384 63.147
0.566854 63.159
0.539508 63.17
0.519964 63.18
0.509587 63.19
0.502846 63.2
0.499449 63.211
0.497738 63.221
0.498362 63.234
0.504178 63.246
0.506337 63.258
0.505544 63.269
0.51996 63.281
0.525074 63.293
0.520584 63.306
0.648816 63.318
0.535169 63.329
0.391216 63.34
0.277423 63.35
0.197619 63.361
0.148014 63.374
0.113859 63.387
0.0992534 63.397
0.0917147 63.409
0.0908133 63.419
0.0964287 63.43
0.0907253 63.442
0.0838682 63.453
0.0714368 63.464
0.0612198 63.475
0.0561092 63.488
0.0548043 63.499
0.0547773 63.51
0.0515762 63.523
0.0586943 63.536
0.0638003 63.546
0.0589236 63.559
0.0654501 63.572
0.0687192 63.582
0.0663625 63.595
0.0624327 63.608
0.0615906 63.618
0.0604824 63.629
0.0613977 63.641
0.059027 63.653
0.0596776 63.666
0.0576709 63.678
0.0539194 63.69
0.0550017 63.7
0.0575218 63.713
0.0662714 63.726
0.068391 63.739
0.0745731 63.75
0.0724754 63.76
0.0700821 63.77
0.0708688 63.781
